0.500000 0.500000 8.086000
1.500000 0.500000 8.280000
2.500000 0.500000 8.278000
3.500000 0.500000 7.838000
4.500000 0.500000 7.940000
5.500000 0.500000 8.064000
6.500000 0.500000 8.188000
7.500000 0.500000 8.184000
8.500000 0.500000 8.342000
9.500000 0.500000 8.390000
10.500000 0.500000 8.222000
11.500000 0.500000 8.410000
12.500000 0.500000 8.575000
13.500000 0.500000 8.455000
14.500000 0.500000 8.381000
15.500000 0.500000 8.199000
16.500000 0.500000 8.185000
17.500000 0.500000 8.458000
18.500000 0.500000 8.217000
19.500000 0.500000 8.397000
20.500000 0.500000 8.192000
21.500000 0.500000 8.690000
22.500000 0.500000 8.229000
23.500000 0.500000 8.070000
24.500000 0.500000 8.340000
25.500000 0.500000 8.085000
26.500000 0.500000 8.109000
27.500000 0.500000 8.190000
28.500000 0.500000 8.019000
29.500000 0.500000 8.061000
30.500000 0.500000 8.472000
31.500000 0.500000 8.189000
32.500000 0.500000 8.477000
33.500000 0.500000 8.338000
34.500000 0.500000 8.110000
35.500000 0.500000 8.173000
36.500000 0.500000 8.076000
37.500000 0.500000 8.173000
38.500000 0.500000 8.058000
39.500000 0.500000 8.215000
40.500000 0.500000 8.192000
41.500000 0.500000 8.192000
42.500000 0.500000 8.205000
43.500000 0.500000 8.219000
44.500000 0.500000 8.146000
45.500000 0.500000 8.180000
46.500000 0.500000 8.252000
47.500000 0.500000 8.156000
48.500000 0.500000 7.850000
49.500000 0.500000 8.357000
50.500000 0.500000 8.086000
51.500000 0.500000 8.103000

0.500000 1.500000 7.729000
1.500000 1.500000 7.542000
2.500000 1.500000 7.425000
3.500000 1.500000 7.201000
4.500000 1.500000 7.477000
5.500000 1.500000 7.542000
6.500000 1.500000 7.673000
7.500000 1.500000 7.569000
8.500000 1.500000 7.793000
9.500000 1.500000 7.554000
10.500000 1.500000 7.459000
11.500000 1.500000 7.292000
12.500000 1.500000 7.390000
13.500000 1.500000 7.581000
14.500000 1.500000 7.650000
15.500000 1.500000 7.711000
16.500000 1.500000 7.384000
17.500000 1.500000 7.646000
18.500000 1.500000 7.589000
19.500000 1.500000 7.503000
20.500000 1.500000 7.507000
21.500000 1.500000 7.515000
22.500000 1.500000 7.673000
23.500000 1.500000 7.365000
24.500000 1.500000 7.468000
25.500000 1.500000 7.594000
26.500000 1.500000 7.484000
27.500000 1.500000 7.173000
28.500000 1.500000 7.171000
29.500000 1.500000 7.491000
30.500000 1.500000 7.373000
31.500000 1.500000 7.505000
32.500000 1.500000 7.525000
33.500000 1.500000 7.382000
34.500000 1.500000 7.278000
35.500000 1.500000 7.344000
36.500000 1.500000 7.672000
37.500000 1.500000 7.297000
38.500000 1.500000 7.411000
39.500000 1.500000 7.358000
40.500000 1.500000 7.370000
41.500000 1.500000 7.774000
42.500000 1.500000 7.519000
43.500000 1.500000 7.532000
44.500000 1.500000 7.143000
45.500000 1.500000 7.626000
46.500000 1.500000 7.318000
47.500000 1.500000 7.509000
48.500000 1.500000 7.255000
49.500000 1.500000 7.381000
50.500000 1.500000 7.410000
51.500000 1.500000 7.519000

0.500000 2.500000 7.061000
1.500000 2.500000 6.955000
2.500000 2.500000 7.129000
3.500000 2.500000 6.914000
4.500000 2.500000 6.837000
5.500000 2.500000 6.981000
6.500000 2.500000 7.021000
7.500000 2.500000 7.265000
8.500000 2.500000 6.711000
9.500000 2.500000 6.736000
10.500000 2.500000 6.714000
11.500000 2.500000 6.705000
12.500000 2.500000 6.892000
13.500000 2.500000 6.966000
14.500000 2.500000 6.988000
15.500000 2.500000 7.067000
16.500000 2.500000 7.021000
17.500000 2.500000 6.990000
18.500000 2.500000 7.149000
19.500000 2.500000 6.962000
20.500000 2.500000 6.865000
21.500000 2.500000 7.138000
22.500000 2.500000 6.707000
23.500000 2.500000 6.903000
24.500000 2.500000 6.608000
25.500000 2.500000 6.731000
26.500000 2.500000 6.685000
27.500000 2.500000 6.801000
28.500000 2.500000 6.722000
29.500000 2.500000 6.960000
30.500000 2.500000 6.866000
31.500000 2.500000 6.682000
32.500000 2.500000 7.025000
33.500000 2.500000 6.777000
34.500000 2.500000 6.784000
35.500000 2.500000 6.946000
36.500000 2.500000 6.780000
37.500000 2.500000 6.774000
38.500000 2.500000 6.557000
39.500000 2.500000 6.750000
40.500000 2.500000 6.946000
41.500000 2.500000 6.898000
42.500000 2.500000 6.956000
43.500000 2.500000 6.871000
44.500000 2.500000 6.669000
45.500000 2.500000 6.991000
46.500000 2.500000 6.789000
47.500000 2.500000 6.912000
48.500000 2.500000 7.096000
49.500000 2.500000 6.780000
50.500000 2.500000 6.913000
51.500000 2.500000 6.820000

0.500000 3.500000 6.417000
1.500000 3.500000 6.509000
2.500000 3.500000 6.579000
3.500000 3.500000 6.465000
4.500000 3.500000 6.290000
5.500000 3.500000 6.212000
6.500000 3.500000 6.507000
7.500000 3.500000 6.565000
8.500000 3.500000 6.509000
9.500000 3.500000 6.550000
10.500000 3.500000 6.396000
11.500000 3.500000 6.441000
12.500000 3.500000 6.525000
13.500000 3.500000 6.554000
14.500000 3.500000 6.428000
15.500000 3.500000 6.563000
16.500000 3.500000 6.596000
17.500000 3.500000 6.536000
18.500000 3.500000 6.521000
19.500000 3.500000 6.296000
20.500000 3.500000 6.343000
21.500000 3.500000 6.304000
22.500000 3.500000 6.711000
23.500000 3.500000 6.627000
24.500000 3.500000 6.391000
25.500000 3.500000 6.482000
26.500000 3.500000 6.304000
27.500000 3.500000 6.475000
28.500000 3.500000 6.530000
29.500000 3.500000 6.515000
30.500000 3.500000 6.458000
31.500000 3.500000 6.691000
32.500000 3.500000 6.533000
33.500000 3.500000 6.583000
34.500000 3.500000 6.415000
35.500000 3.500000 6.549000
36.500000 3.500000 6.450000
37.500000 3.500000 6.409000
38.500000 3.500000 6.345000
39.500000 3.500000 6.344000
40.500000 3.500000 6.442000
41.500000 3.500000 6.742000
42.500000 3.500000 6.652000
43.500000 3.500000 6.486000
44.500000 3.500000 6.497000
45.500000 3.500000 6.422000
46.500000 3.500000 6.246000
47.500000 3.500000 6.445000
48.500000 3.500000 6.484000
49.500000 3.500000 6.582000
50.500000 3.500000 6.311000
51.500000 3.500000 6.022000

0.500000 4.500000 6.091000
1.500000 4.500000 6.096000
2.500000 4.500000 6.113000
3.500000 4.500000 6.047000
4.500000 4.500000 5.874000
5.500000 4.500000 6.101000
6.500000 4.500000 6.094000
7.500000 4.500000 5.971000
8.500000 4.500000 5.956000
9.500000 4.500000 6.071000
10.500000 4.500000 5.990000
11.500000 4.500000 6.137000
12.500000 4.500000 6.238000
13.500000 4.500000 6.396000
14.500000 4.500000 6.065000
15.500000 4.500000 5.944000
16.500000 4.500000 6.219000
17.500000 4.500000 6.118000
18.500000 4.500000 6.325000
19.500000 4.500000 6.002000
20.500000 4.500000 6.253000
21.500000 4.500000 6.331000
22.500000 4.500000 6.410000
23.500000 4.500000 6.042000
24.500000 4.500000 6.021000
25.500000 4.500000 5.896000
26.500000 4.500000 6.099000
27.500000 4.500000 6.021000
28.500000 4.500000 6.064000
29.500000 4.500000 6.068000
30.500000 4.500000 6.031000
31.500000 4.500000 5.976000
32.500000 4.500000 6.156000
33.500000 4.500000 6.047000
34.500000 4.500000 5.981000
35.500000 4.500000 5.995000
36.500000 4.500000 6.050000
37.500000 4.500000 6.267000
38.500000 4.500000 5.980000
39.500000 4.500000 6.004000
40.500000 4.500000 6.124000
41.500000 4.500000 6.294000
42.500000 4.500000 6.369000
43.500000 4.500000 6.008000
44.500000 4.500000 5.950000
45.500000 4.500000 6.193000
46.500000 4.500000 5.973000
47.500000 4.500000 6.014000
48.500000 4.500000 6.101000
49.500000 4.500000 6.128000
50.500000 4.500000 6.020000
51.500000 4.500000 6.026000

0.500000 5.500000 5.715000
1.500000 5.500000 6.064000
2.500000 5.500000 5.720000
3.500000 5.500000 5.704000
4.500000 5.500000 5.582000
5.500000 5.500000 5.755000
6.500000 5.500000 5.709000
7.500000 5.500000 5.687000
8.500000 5.500000 5.735000
9.500000 5.500000 5.505000
10.500000 5.500000 5.682000
11.500000 5.500000 5.715000
12.500000 5.500000 5.766000
13.500000 5.500000 5.726000
14.500000 5.500000 5.782000
15.500000 5.500000 5.585000
16.500000 5.500000 5.642000
17.500000 5.500000 5.568000
18.500000 5.500000 5.708000
19.500000 5.500000 5.712000
20.500000 5.500000 5.819000
21.500000 5.500000 5.787000
22.500000 5.500000 5.784000
23.500000 5.500000 5.837000
24.500000 5.500000 5.826000
25.500000 5.500000 5.797000
26.500000 5.500000 5.817000
27.500000 5.500000 5.691000
28.500000 5.500000 5.845000
29.500000 5.500000 5.909000
30.500000 5.500000 5.806000
31.500000 5.500000 5.631000
32.500000 5.500000 5.913000
33.500000 5.500000 5.724000
34.500000 5.500000 5.805000
35.500000 5.500000 5.961000
36.500000 5.500000 6.036000
37.500000 5.500000 6.018000
38.500000 5.500000 5.840000
39.500000 5.500000 5.868000
40.500000 5.500000 5.776000
41.500000 5.500000 5.867000
42.500000 5.500000 5.950000
43.500000 5.500000 5.701000
44.500000 5.500000 5.731000
45.500000 5.500000 5.922000
46.500000 5.500000 5.810000
47.500000 5.500000 5.609000
48.500000 5.500000 5.764000
49.500000 5.500000 5.863000
50.500000 5.500000 5.635000
51.500000 5.500000 5.483000

0.500000 6.500000 5.557000
1.500000 6.500000 5.547000
2.500000 6.500000 5.420000
3.500000 6.500000 5.329000
4.500000 6.500000 5.403000
5.500000 6.500000 5.231000
6.500000 6.500000 5.292000
7.500000 6.500000 5.408000
8.500000 6.500000 5.384000
9.500000 6.500000 5.571000
10.500000 6.500000 5.334000
11.500000 6.500000 5.391000
12.500000 6.500000 5.509000
13.500000 6.500000 5.589000
14.500000 6.500000 5.375000
15.500000 6.500000 5.428000
16.500000 6.500000 5.345000
17.500000 6.500000 5.349000
18.500000 6.500000 5.336000
19.500000 6.500000 5.553000
20.500000 6.500000 5.508000
21.500000 6.500000 5.594000
22.500000 6.500000 5.407000
23.500000 6.500000 5.521000
24.500000 6.500000 5.456000
25.500000 6.500000 5.767000
26.500000 6.500000 5.543000
27.500000 6.500000 5.563000
28.500000 6.500000 5.505000
29.500000 6.500000 5.564000
30.500000 6.500000 5.753000
31.500000 6.500000 5.584000
32.500000 6.500000 5.674000
33.500000 6.500000 5.708000
34.500000 6.500000 5.664000
35.500000 6.500000 5.628000
36.500000 6.500000 5.733000
37.500000 6.500000 5.571000
38.500000 6.500000 5.638000
39.500000 6.500000 5.500000
40.500000 6.500000 5.622000
41.500000 6.500000 5.585000
42.500000 6.500000 5.470000
43.500000 6.500000 5.529000
44.500000 6.500000 5.712000
45.500000 6.500000 5.708000
46.500000 6.500000 5.603000
47.500000 6.500000 5.605000
48.500000 6.500000 5.761000
49.500000 6.500000 5.645000
50.500000 6.500000 5.379000
51.500000 6.500000 5.492000

0.500000 7.500000 5.481000
1.500000 7.500000 5.324000
2.500000 7.500000 5.400000
3.500000 7.500000 5.205000
4.500000 7.500000 5.421000
5.500000 7.500000 5.336000
6.500000 7.500000 5.276000
7.500000 7.500000 5.408000
8.500000 7.500000 5.428000
9.500000 7.500000 5.290000
10.500000 7.500000 5.118000
11.500000 7.500000 5.295000
12.500000 7.500000 5.198000
13.500000 7.500000 5.215000
14.500000 7.500000 5.326000
15.500000 7.500000 5.280000
16.500000 7.500000 5.118000
17.500000 7.500000 5.204000
18.500000 7.500000 5.115000
19.500000 7.500000 5.234000
20.500000 7.500000 5.166000
21.500000 7.500000 5.326000
22.500000 7.500000 5.260000
23.500000 7.500000 5.261000
24.500000 7.500000 5.275000
25.500000 7.500000 5.449000
26.500000 7.500000 5.437000
27.500000 7.500000 5.336000
28.500000 7.500000 5.310000
29.500000 7.500000 5.504000
30.500000 7.500000 5.364000
31.500000 7.500000 5.475000
32.500000 7.500000 5.378000
33.500000 7.500000 5.415000
34.500000 7.500000 5.330000
35.500000 7.500000 5.403000
36.500000 7.500000 5.386000
37.500000 7.500000 5.464000
38.500000 7.500000 5.477000
39.500000 7.500000 5.326000
40.500000 7.500000 5.380000
41.500000 7.500000 5.079000
42.500000 7.500000 5.262000
43.500000 7.500000 5.356000
44.500000 7.500000 5.389000
45.500000 7.500000 5.265000
46.500000 7.500000 5.350000
47.500000 7.500000 5.308000
48.500000 7.500000 5.269000
49.500000 7.500000 5.174000
50.500000 7.500000 5.306000
51.500000 7.500000 5.365000

0.500000 8.500000 5.191000
1.500000 8.500000 5.197000
2.500000 8.500000 5.062000
3.500000 8.500000 4.889000
4.500000 8.500000 5.042000
5.500000 8.500000 5.138000
6.500000 8.500000 5.086000
7.500000 8.500000 4.980000
8.500000 8.500000 4.977000
9.500000 8.500000 5.092000
10.500000 8.500000 5.067000
11.500000 8.500000 5.010000
12.500000 8.500000 5.110000
13.500000 8.500000 5.135000
14.500000 8.500000 5.104000
15.500000 8.500000 5.029000
16.500000 8.500000 4.979000
17.500000 8.500000 4.988000
18.500000 8.500000 5.069000
19.500000 8.500000 4.884000
20.500000 8.500000 4.867000
21.500000 8.500000 4.914000
22.500000 8.500000 5.157000
23.500000 8.500000 4.996000
24.500000 8.500000 5.059000
25.500000 8.500000 5.070000
26.500000 8.500000 5.172000
27.500000 8.500000 5.106000
28.500000 8.500000 5.055000
29.500000 8.500000 5.178000
30.500000 8.500000 5.229000
31.500000 8.500000 5.081000
32.500000 8.500000 5.129000
33.500000 8.500000 5.258000
34.500000 8.500000 5.093000
35.500000 8.500000 5.097000
36.500000 8.500000 5.147000
37.500000 8.500000 5.148000
38.500000 8.500000 5.255000
39.500000 8.500000 5.138000
40.500000 8.500000 5.315000
41.500000 8.500000 5.198000
42.500000 8.500000 4.976000
43.500000 8.500000 5.077000
44.500000 8.500000 5.042000
45.500000 8.500000 5.084000
46.500000 8.500000 5.160000
47.500000 8.500000 5.253000
48.500000 8.500000 5.185000
49.500000 8.500000 5.104000
50.500000 8.500000 5.093000
51.500000 8.500000 5.082000

0.500000 9.500000 4.895000
1.500000 9.500000 4.827000
2.500000 9.500000 4.968000
3.500000 9.500000 4.939000
4.500000 9.500000 4.881000
5.500000 9.500000 4.916000
6.500000 9.500000 4.924000
7.500000 9.500000 4.920000
8.500000 9.500000 5.067000
9.500000 9.500000 4.892000
10.500000 9.500000 5.006000
11.500000 9.500000 5.132000
12.500000 9.500000 5.022000
13.500000 9.500000 4.958000
14.500000 9.500000 4.983000
15.500000 9.500000 4.803000
16.500000 9.500000 4.846000
17.500000 9.500000 4.885000
18.500000 9.500000 4.839000
19.500000 9.500000 4.830000
20.500000 9.500000 4.875000
21.500000 9.500000 4.830000
22.500000 9.500000 4.881000
23.500000 9.500000 5.005000
24.500000 9.500000 4.981000
25.500000 9.500000 5.118000
26.500000 9.500000 4.910000
27.500000 9.500000 5.093000
28.500000 9.500000 5.140000
29.500000 9.500000 5.194000
30.500000 9.500000 5.161000
31.500000 9.500000 5.088000
32.500000 9.500000 5.004000
33.500000 9.500000 5.074000
34.500000 9.500000 5.092000
35.500000 9.500000 4.979000
36.500000 9.500000 4.800000
37.500000 9.500000 4.852000
38.500000 9.500000 4.939000
39.500000 9.500000 4.859000
40.500000 9.500000 5.005000
41.500000 9.500000 4.926000
42.500000 9.500000 4.973000
43.500000 9.500000 4.875000
44.500000 9.500000 5.030000
45.500000 9.500000 4.950000
46.500000 9.500000 4.801000
47.500000 9.500000 4.821000
48.500000 9.500000 4.828000
49.500000 9.500000 5.016000
50.500000 9.500000 5.020000
51.500000 9.500000 5.025000

0.500000 10.500000 4.766000
1.500000 10.500000 4.830000
2.500000 10.500000 4.733000
3.500000 10.500000 4.879000
4.500000 10.500000 4.882000
5.500000 10.500000 4.705000
6.500000 10.500000 4.807000
7.500000 10.500000 4.770000
8.500000 10.500000 4.834000
9.500000 10.500000 4.656000
10.500000 10.500000 4.780000
11.500000 10.500000 4.864000
12.500000 10.500000 4.825000
13.500000 10.500000 4.719000
14.500000 10.500000 4.931000
15.500000 10.500000 4.689000
16.500000 10.500000 4.605000
17.500000 10.500000 4.867000
18.500000 10.500000 4.666000
19.500000 10.500000 4.753000
20.500000 10.500000 4.917000
21.500000 10.500000 4.645000
22.500000 10.500000 4.648000
23.500000 10.500000 4.750000
24.500000 10.500000 4.716000
25.500000 10.500000 4.732000
26.500000 10.500000 4.770000
27.500000 10.500000 4.962000
28.500000 10.500000 4.933000
29.500000 10.500000 4.837000
30.500000 10.500000 4.861000
31.500000 10.500000 4.828000
32.500000 10.500000 4.981000
33.500000 10.500000 4.984000
34.500000 10.500000 4.861000
35.500000 10.500000 4.838000
36.500000 10.500000 4.710000
37.500000 10.500000 4.727000
38.500000 10.500000 4.781000
39.500000 10.500000 4.743000
40.500000 10.500000 4.777000
41.500000 10.500000 4.914000
42.500000 10.500000 4.973000
43.500000 10.500000 4.873000
44.500000 10.500000 4.940000
45.500000 10.500000 4.580000
46.500000 10.500000 4.611000
47.500000 10.500000 4.507000
48.500000 10.500000 4.767000
49.500000 10.500000 4.742000
50.500000 10.500000 4.867000
51.500000 10.500000 4.662000

0.500000 11.500000 4.508000
1.500000 11.500000 4.617000
2.500000 11.500000 4.747000
3.500000 11.500000 4.756000
4.500000 11.500000 4.544000
5.500000 11.500000 4.613000
6.500000 11.500000 4.712000
7.500000 11.500000 4.734000
8.500000 11.500000 4.504000
9.500000 11.500000 4.588000
10.500000 11.500000 4.685000
11.500000 11.500000 4.619000
12.500000 11.500000 4.719000
13.500000 11.500000 4.837000
14.500000 11.500000 4.635000
15.500000 11.500000 4.585000
16.500000 11.500000 4.522000
17.500000 11.500000 4.614000
18.500000 11.500000 4.689000
19.500000 11.500000 4.683000
20.500000 11.500000 4.669000
21.500000 11.500000 4.643000
22.500000 11.500000 4.792000
23.500000 11.500000 4.767000
24.500000 11.500000 4.645000
25.500000 11.500000 4.733000
26.500000 11.500000 4.763000
27.500000 11.500000 4.740000
28.500000 11.500000 4.830000
29.500000 11.500000 4.749000
30.500000 11.500000 4.892000
31.500000 11.500000 4.687000
32.500000 11.500000 4.812000
33.500000 11.500000 4.910000
34.500000 11.500000 4.860000
35.500000 11.500000 4.596000
36.500000 11.500000 4.558000
37.500000 11.500000 4.543000
38.500000 11.500000 4.601000
39.500000 11.500000 4.629000
40.500000 11.500000 4.756000
41.500000 11.500000 4.531000
42.500000 11.500000 4.752000
43.500000 11.500000 4.900000
44.500000 11.500000 4.681000
45.500000 11.500000 4.713000
46.500000 11.500000 4.769000
47.500000 11.500000 4.651000
48.500000 11.500000 4.714000
49.500000 11.500000 4.748000
50.500000 11.500000 4.582000
51.500000 11.500000 4.642000

0.500000 12.500000 4.601000
1.500000 12.500000 4.637000
2.500000 12.500000 4.771000
3.500000 12.500000 4.720000
4.500000 12.500000 4.625000
5.500000 12.500000 4.459000
6.500000 12.500000 4.599000
7.500000 12.500000 4.578000
8.500000 12.500000 4.453000
9.500000 12.500000 4.489000
10.500000 12.500000 4.613000
11.500000 12.500000 4.512000
12.500000 12.500000 4.582000
13.500000 12.500000 4.407000
14.500000 12.500000 4.399000
15.500000 12.500000 4.472000
16.500000 12.500000 4.491000
17.500000 12.500000 4.717000
18.500000 12.500000 4.572000
19.500000 12.500000 4.576000
20.500000 12.500000 4.674000
21.500000 12.500000 4.610000
22.500000 12.500000 4.709000
23.500000 12.500000 4.768000
24.500000 12.500000 4.638000
25.500000 12.500000 4.567000
26.500000 12.500000 4.680000
27.500000 12.500000 4.712000
28.500000 12.500000 4.592000
29.500000 12.500000 4.717000
30.500000 12.500000 4.664000
31.500000 12.500000 4.613000
32.500000 12.500000 4.588000
33.500000 12.500000 4.696000
34.500000 12.500000 4.715000
35.500000 12.500000 4.578000
36.500000 12.500000 4.653000
37.500000 12.500000 4.751000
38.500000 12.500000 4.531000
39.500000 12.500000 4.462000
40.500000 12.500000 4.406000
41.500000 12.500000 4.630000
42.500000 12.500000 4.499000
43.500000 12.500000 4.772000
44.500000 12.500000 4.488000
45.500000 12.500000 4.642000
46.500000 12.500000 4.498000
47.500000 12.500000 4.585000
48.500000 12.500000 4.623000
49.500000 12.500000 4.648000
50.500000 12.500000 4.509000
51.500000 12.500000 4.583000

0.500000 13.500000 4.622000
1.500000 13.500000 4.502000
2.500000 13.500000 4.482000
3.500000 13.500000 4.514000
4.500000 13.500000 4.444000
5.500000 13.500000 4.433000
6.500000 13.500000 4.494000
7.500000 13.500000 4.405000
8.500000 13.500000 4.584000
9.500000 13.500000 4.451000
10.500000 13.500000 4.567000
11.500000 13.500000 4.491000
12.500000 13.500000 4.459000
13.500000 13.500000 4.483000
14.500000 13.500000 4.507000
15.500000 13.500000 4.299000
16.500000 13.500000 4.476000
17.500000 13.500000 4.473000
18.500000 13.500000 4.530000
19.500000 13.500000 4.587000
20.500000 13.500000 4.561000
21.500000 13.500000 4.383000
22.500000 13.500000 4.709000
23.500000 13.500000 4.420000
24.500000 13.500000 4.392000
25.500000 13.500000 4.618000
26.500000 13.500000 4.643000
27.500000 13.500000 4.529000
28.500000 13.500000 4.690000
29.500000 13.500000 4.601000
30.500000 13.500000 4.496000
31.500000 13.500000 4.505000
32.500000 13.500000 4.624000
33.500000 13.500000 4.575000
34.500000 13.500000 4.475000
35.500000 13.500000 4.671000
36.500000 13.500000 4.563000
37.500000 13.500000 4.684000
38.500000 13.500000 4.561000
39.500000 13.500000 4.473000
40.500000 13.500000 4.350000
41.500000 13.500000 4.447000
42.500000 13.500000 4.361000
43.500000 13.500000 4.452000
44.500000 13.500000 4.437000
45.500000 13.500000 4.446000
46.500000 13.500000 4.425000
47.500000 13.500000 4.432000
48.500000 13.500000 4.490000
49.500000 13.500000 4.473000
50.500000 13.500000 4.614000
51.500000 13.500000 4.512000

0.500000 14.500000 4.482000
1.500000 14.500000 4.447000
2.500000 14.500000 4.271000
3.500000 14.500000 4.423000
4.500000 14.500000 4.574000
5.500000 14.500000 4.649000
6.500000 14.500000 4.460000
7.500000 14.500000 4.353000
8.500000 14.500000 4.479000
9.500000 14.500000 4.426000
10.500000 14.500000 4.528000
11.500000 14.500000 4.309000
12.500000 14.500000 4.359000
13.500000 14.500000 4.505000
14.500000 14.500000 4.270000
15.500000 14.500000 4.471000
16.500000 14.500000 4.195000
17.500000 14.500000 4.378000
18.500000 14.500000 4.460000
19.500000 14.500000 4.430000
20.500000 14.500000 4.516000
21.500000 14.500000 4.442000
22.500000 14.500000 4.491000
23.500000 14.500000 4.465000
24.500000 14.500000 4.492000
25.500000 14.500000 4.427000
26.500000 14.500000 4.415000
27.500000 14.500000 4.536000
28.500000 14.500000 4.523000
29.500000 14.500000 4.464000
30.500000 14.500000 4.432000
31.500000 14.500000 4.275000
32.500000 14.500000 4.371000
33.500000 14.500000 4.387000
34.500000 14.500000 4.382000
35.500000 14.500000 4.540000
36.500000 14.500000 4.460000
37.500000 14.500000 4.360000
38.500000 14.500000 4.392000
39.500000 14.500000 4.428000
40.500000 14.500000 4.249000
41.500000 14.500000 4.259000
42.500000 14.500000 4.345000
43.500000 14.500000 4.315000
44.500000 14.500000 4.328000
45.500000 14.500000 4.348000
46.500000 14.500000 4.321000
47.500000 14.500000 4.346000
48.500000 14.500000 4.314000
49.500000 14.500000 4.589000
50.500000 14.500000 4.446000
51.500000 14.500000 4.399000

0.500000 15.500000 4.433000
1.500000 15.500000 4.404000
2.500000 15.500000 4.338000
3.500000 15.500000 4.499000
4.500000 15.500000 4.187000
5.500000 15.500000 4.331000
6.500000 15.500000 4.307000
7.500000 15.500000 4.348000
8.500000 15.500000 4.419000
9.500000 15.500000 4.148000
10.500000 15.500000 4.379000
11.500000 15.500000 4.353000
12.500000 15.500000 4.329000
13.500000 15.500000 4.322000
14.500000 15.500000 4.455000
15.500000 15.500000 4.302000
16.500000 15.500000 4.366000
17.500000 15.500000 4.352000
18.500000 15.500000 4.293000
19.500000 15.500000 4.399000
20.500000 15.500000 4.293000
21.500000 15.500000 4.191000
22.500000 15.500000 4.278000
23.500000 15.500000 4.305000
24.500000 15.500000 4.346000
25.500000 15.500000 4.393000
26.500000 15.500000 4.602000
27.500000 15.500000 4.438000
28.500000 15.500000 4.325000
29.500000 15.500000 4.474000
30.500000 15.500000 4.353000
31.500000 15.500000 4.440000
32.500000 15.500000 4.458000
33.500000 15.500000 4.154000
34.500000 15.500000 4.373000
35.500000 15.500000 4.316000
36.500000 15.500000 4.412000
37.500000 15.500000 4.370000
38.500000 15.500000 4.323000
39.500000 15.500000 4.311000
40.500000 15.500000 4.251000
41.500000 15.500000 4.373000
42.500000 15.500000 4.261000
43.500000 15.500000 4.222000
44.500000 15.500000 4.429000
45.500000 15.500000 4.234000
46.500000 15.500000 4.245000
47.500000 15.500000 4.241000
48.500000 15.500000 4.214000
49.500000 15.500000 4.373000
50.500000 15.500000 4.418000
51.500000 15.500000 4.338000

0.500000 16.500000 4.299000
1.500000 16.500000 4.581000
2.500000 16.500000 4.250000
3.500000 16.500000 4.244000
4.500000 16.500000 4.322000
5.500000 16.500000 4.273000
6.500000 16.500000 4.202000
7.500000 16.500000 4.267000
8.500000 16.500000 4.149000
9.500000 16.500000 4.357000
10.500000 16.500000 4.316000
11.500000 16.500000 4.329000
12.500000 16.500000 4.381000
13.500000 16.500000 4.290000
14.500000 16.500000 4.231000
15.500000 16.500000 4.218000
16.500000 16.500000 4.160000
17.500000 16.500000 4.237000
18.500000 16.500000 4.103000
19.500000 16.500000 4.163000
20.500000 16.500000 4.324000
21.500000 16.500000 4.229000
22.500000 16.500000 4.126000
23.500000 16.500000 4.395000
24.500000 16.500000 4.169000
25.500000 16.500000 4.377000
26.500000 16.500000 4.255000
27.500000 16.500000 4.373000
28.500000 16.500000 4.588000
29.500000 16.500000 4.265000
30.500000 16.500000 4.215000
31.500000 16.500000 4.329000
32.500000 16.500000 4.261000
33.500000 16.500000 4.272000
34.500000 16.500000 4.244000
35.500000 16.500000 4.179000
36.500000 16.500000 4.316000
37.500000 16.500000 4.220000
38.500000 16.500000 4.193000
39.500000 16.500000 4.342000
40.500000 16.500000 4.335000
41.500000 16.500000 4.273000
42.500000 16.500000 4.271000
43.500000 16.500000 4.201000
44.500000 16.500000 4.053000
45.500000 16.500000 4.361000
46.500000 16.500000 4.229000
47.500000 16.500000 4.316000
48.500000 16.500000 4.250000
49.500000 16.500000 4.289000
50.500000 16.500000 4.391000
51.500000 16.500000 4.309000

0.500000 17.500000 4.243000
1.500000 17.500000 4.282000
2.500000 17.500000 4.149000
3.500000 17.500000 4.421000
4.500000 17.500000 4.410000
5.500000 17.500000 4.346000
6.500000 17.500000 4.272000
7.500000 17.500000 4.237000
8.500000 17.500000 4.281000
9.500000 17.500000 4.218000
10.500000 17.500000 4.302000
11.500000 17.500000 4.267000
12.500000 17.500000 4.221000
13.500000 17.500000 4.217000
14.500000 17.500000 4.227000
15.500000 17.500000 4.089000
16.500000 17.500000 4.196000
17.500000 17.500000 4.122000
18.500000 17.500000 4.092000
19.500000 17.500000 4.178000
20.500000 17.500000 4.242000
21.500000 17.500000 4.171000
22.500000 17.500000 4.166000
23.500000 17.500000 4.200000
24.500000 17.500000 4.161000
25.500000 17.500000 4.201000
26.500000 17.500000 4.174000
27.500000 17.500000 4.312000
28.500000 17.500000 4.208000
29.500000 17.500000 4.255000
30.500000 17.500000 4.308000
31.500000 17.500000 4.286000
32.500000 17.500000 4.222000
33.500000 17.500000 4.207000
34.500000 17.500000 4.290000
35.500000 17.500000 4.117000
36.500000 17.500000 4.202000
37.500000 17.500000 4.296000
38.500000 17.500000 4.220000
39.500000 17.500000 4.252000
40.500000 17.500000 4.375000
41.500000 17.500000 4.246000
42.500000 17.500000 4.342000
43.500000 17.500000 4.192000
44.500000 17.500000 4.241000
45.500000 17.500000 4.473000
46.500000 17.500000 4.157000
47.500000 17.500000 4.240000
48.500000 17.500000 4.191000
49.500000 17.500000 4.222000
50.500000 17.500000 4.202000
51.500000 17.500000 4.138000

0.500000 18.500000 4.116000
1.500000 18.500000 4.317000
2.500000 18.500000 4.235000
3.500000 18.500000 4.308000
4.500000 18.500000 4.297000
5.500000 18.500000 4.326000
6.500000 18.500000 4.390000
7.500000 18.500000 4.274000
8.500000 18.500000 4.400000
9.500000 18.500000 4.235000
10.500000 18.500000 4.319000
11.500000 18.500000 4.342000
12.500000 18.500000 4.314000
13.500000 18.500000 4.170000
14.500000 18.500000 4.256000
15.500000 18.500000 4.118000
16.500000 18.500000 4.231000
17.500000 18.500000 4.169000
18.500000 18.500000 4.172000
19.500000 18.500000 4.196000
20.500000 18.500000 4.257000
21.500000 18.500000 4.260000
22.500000 18.500000 4.359000
23.500000 18.500000 4.333000
24.500000 18.500000 4.212000
25.500000 18.500000 4.210000
26.500000 18.500000 4.102000
27.500000 18.500000 4.199000
28.500000 18.500000 4.194000
29.500000 18.500000 4.063000
30.500000 18.500000 4.157000
31.500000 18.500000 4.130000
32.500000 18.500000 4.374000
33.500000 18.500000 4.321000
34.500000 18.500000 4.392000
35.500000 18.500000 4.141000
36.500000 18.500000 4.215000
37.500000 18.500000 4.240000
38.500000 18.500000 4.095000
39.500000 18.500000 4.184000
40.500000 18.500000 4.269000
41.500000 18.500000 4.409000
42.500000 18.500000 4.180000
43.500000 18.500000 4.401000
44.500000 18.500000 4.295000
45.500000 18.500000 4.246000
46.500000 18.500000 4.267000
47.500000 18.500000 4.361000
48.500000 18.500000 4.260000
49.500000 18.500000 4.160000
50.500000 18.500000 4.135000
51.500000 18.500000 4.116000

0.500000 19.500000 4.172000
1.500000 19.500000 4.097000
2.500000 19.500000 4.272000
3.500000 19.500000 4.155000
4.500000 19.500000 4.222000
5.500000 19.500000 4.177000
6.500000 19.500000 4.234000
7.500000 19.500000 4.123000
8.500000 19.500000 4.166000
9.500000 19.500000 4.232000
10.500000 19.500000 4.147000
11.500000 19.500000 4.099000
12.500000 19.500000 4.324000
13.500000 19.500000 4.333000
14.500000 19.500000 4.198000
15.500000 19.500000 4.339000
16.500000 19.500000 4.133000
17.500000 19.500000 4.201000
18.500000 19.500000 4.205000
19.500000 19.500000 4.313000
20.500000 19.500000 4.378000
21.500000 19.500000 4.351000
22.500000 19.500000 4.206000
23.500000 19.500000 4.265000
24.500000 19.500000 4.208000
25.500000 19.500000 4.216000
26.500000 19.500000 4.134000
27.500000 19.500000 4.232000
28.500000 19.500000 4.203000
29.500000 19.500000 4.201000
30.500000 19.500000 4.197000
31.500000 19.500000 4.309000
32.500000 19.500000 4.377000
33.500000 19.500000 4.141000
34.500000 19.500000 4.205000
35.500000 19.500000 4.201000
36.500000 19.500000 4.087000
37.500000 19.500000 4.099000
38.500000 19.500000 4.116000
39.500000 19.500000 4.109000
40.500000 19.500000 4.200000
41.500000 19.500000 4.163000
42.500000 19.500000 4.266000
43.500000 19.500000 4.242000
44.500000 19.500000 4.255000
45.500000 19.500000 4.278000
46.500000 19.500000 4.392000
47.500000 19.500000 4.262000
48.500000 19.500000 4.293000
49.500000 19.500000 4.283000
50.500000 19.500000 4.235000
51.500000 19.500000 4.101000

0.500000 20.500000 4.085000
1.500000 20.500000 4.096000
2.500000 20.500000 4.112000
3.500000 20.500000 4.044000
4.500000 20.500000 4.219000
5.500000 20.500000 4.157000
6.500000 20.500000 3.956000
7.500000 20.500000 4.152000
8.500000 20.500000 4.079000
9.500000 20.500000 4.216000
10.500000 20.500000 4.251000
11.500000 20.500000 4.092000
12.500000 20.500000 4.268000
13.500000 20.500000 4.140000
14.500000 20.500000 4.181000
15.500000 20.500000 4.033000
16.500000 20.500000 3.935000
17.500000 20.500000 4.288000
18.500000 20.500000 4.193000
19.500000 20.500000 4.179000
20.500000 20.500000 4.220000
21.500000 20.500000 4.206000
22.500000 20.500000 4.228000
23.500000 20.500000 4.145000
24.500000 20.500000 4.245000
25.500000 20.500000 4.356000
26.500000 20.500000 4.066000
27.500000 20.500000 4.199000
28.500000 20.500000 4.232000
29.500000 20.500000 4.122000
30.500000 20.500000 4.269000
31.500000 20.500000 4.262000
32.500000 20.500000 4.216000
33.500000 20.500000 4.135000
34.500000 20.500000 4.020000
35.500000 20.500000 4.062000
36.500000 20.500000 4.139000
37.500000 20.500000 4.030000
38.500000 20.500000 4.265000
39.500000 20.500000 4.219000
40.500000 20.500000 4.194000
41.500000 20.500000 4.217000
42.500000 20.500000 4.362000
43.500000 20.500000 4.227000
44.500000 20.500000 4.126000
45.500000 20.500000 4.091000
46.500000 20.500000 3.977000
47.500000 20.500000 4.242000
48.500000 20.500000 4.291000
49.500000 20.500000 4.222000
50.500000 20.500000 4.113000
51.500000 20.500000 4.110000

0.500000 21.500000 4.018000
1.500000 21.500000 3.957000
2.500000 21.500000 3.935000
3.500000 21.500000 4.137000
4.500000 21.500000 4.237000
5.500000 21.500000 4.219000
6.500000 21.500000 4.136000
7.500000 21.500000 4.122000
8.500000 21.500000 4.190000
9.500000 21.500000 4.079000
10.500000 21.500000 4.127000
11.500000 21.500000 3.971000
12.500000 21.500000 4.110000
13.500000 21.500000 4.120000
14.500000 21.500000 4.189000
15.500000 21.500000 4.196000
16.500000 21.500000 4.024000
17.500000 21.500000 4.206000
18.500000 21.500000 4.027000
19.500000 21.500000 4.103000
20.500000 21.500000 4.158000
21.500000 21.500000 4.119000
22.500000 21.500000 4.187000
23.500000 21.500000 4.152000
24.500000 21.500000 4.025000
25.500000 21.500000 4.161000
26.500000 21.500000 4.189000
27.500000 21.500000 4.094000
28.500000 21.500000 4.077000
29.500000 21.500000 4.208000
30.500000 21.500000 4.191000
31.500000 21.500000 4.299000
32.500000 21.500000 4.129000
33.500000 21.500000 3.980000
34.500000 21.500000 3.983000
35.500000 21.500000 4.145000
36.500000 21.500000 4.028000
37.500000 21.500000 4.150000
38.500000 21.500000 4.182000
39.500000 21.500000 4.131000
40.500000 21.500000 4.100000
41.500000 21.500000 4.168000
42.500000 21.500000 4.084000
43.500000 21.500000 4.015000
44.500000 21.500000 4.112000
45.500000 21.500000 4.155000
46.500000 21.500000 4.059000
47.500000 21.500000 4.027000
48.500000 21.500000 4.095000
49.500000 21.500000 4.174000
50.500000 21.500000 4.056000
51.500000 21.500000 4.220000

0.500000 22.500000 4.209000
1.500000 22.500000 4.003000
2.500000 22.500000 3.980000
3.500000 22.500000 3.972000
4.500000 22.500000 4.082000
5.500000 22.500000 4.101000
6.500000 22.500000 4.025000
7.500000 22.500000 4.061000
8.500000 22.500000 4.099000
9.500000 22.500000 4.116000
10.500000 22.500000 4.151000
11.500000 22.500000 4.029000
12.500000 22.500000 3.981000
13.500000 22.500000 4.093000
14.500000 22.500000 4.201000
15.500000 22.500000 4.153000
16.500000 22.500000 4.073000
17.500000 22.500000 4.021000
18.500000 22.500000 4.015000
19.500000 22.500000 3.973000
20.500000 22.500000 4.258000
21.500000 22.500000 4.231000
22.500000 22.500000 4.051000
23.500000 22.500000 3.982000
24.500000 22.500000 4.057000
25.500000 22.500000 4.291000
26.500000 22.500000 4.289000
27.500000 22.500000 4.026000
28.500000 22.500000 4.182000
29.500000 22.500000 4.115000
30.500000 22.500000 4.270000
31.500000 22.500000 4.156000
32.500000 22.500000 4.208000
33.500000 22.500000 4.036000
34.500000 22.500000 4.107000
35.500000 22.500000 4.086000
36.500000 22.500000 4.004000
37.500000 22.500000 4.139000
38.500000 22.500000 4.158000
39.500000 22.500000 4.328000
40.500000 22.500000 4.163000
41.500000 22.500000 4.026000
42.500000 22.500000 3.985000
43.500000 22.500000 3.968000
44.500000 22.500000 3.889000
45.500000 22.500000 3.940000
46.500000 22.500000 4.130000
47.500000 22.500000 3.943000
48.500000 22.500000 3.959000
49.500000 22.500000 4.077000
50.500000 22.500000 4.047000
51.500000 22.500000 4.033000

0.500000 23.500000 3.971000
1.500000 23.500000 4.093000
2.500000 23.500000 4.049000
3.500000 23.500000 4.083000
4.500000 23.500000 4.003000
5.500000 23.500000 4.095000
6.500000 23.500000 4.225000
7.500000 23.500000 4.210000
8.500000 23.500000 4.053000
9.500000 23.500000 3.978000
10.500000 23.500000 3.817000
11.500000 23.500000 4.063000
12.500000 23.500000 4.025000
13.500000 23.500000 4.126000
14.500000 23.500000 3.999000
15.500000 23.500000 4.118000
16.500000 23.500000 4.113000
17.500000 23.500000 4.020000
18.500000 23.500000 3.955000
19.500000 23.500000 3.975000
20.500000 23.500000 4.059000
21.500000 23.500000 3.957000
22.500000 23.500000 4.090000
23.500000 23.500000 3.966000
24.500000 23.500000 4.126000
25.500000 23.500000 4.171000
26.500000 23.500000 4.178000
27.500000 23.500000 4.085000
28.500000 23.500000 4.269000
29.500000 23.500000 4.205000
30.500000 23.500000 4.106000
31.500000 23.500000 4.168000
32.500000 23.500000 4.221000
33.500000 23.500000 4.127000
34.500000 23.500000 4.187000
35.500000 23.500000 4.033000
36.500000 23.500000 4.074000
37.500000 23.500000 4.164000
38.500000 23.500000 4.251000
39.500000 23.500000 4.145000
40.500000 23.500000 4.067000
41.500000 23.500000 4.033000
42.500000 23.500000 4.075000
43.500000 23.500000 3.919000
44.500000 23.500000 4.038000
45.500000 23.500000 3.990000
46.500000 23.500000 4.015000
47.500000 23.500000 3.916000
48.500000 23.500000 3.958000
49.500000 23.500000 4.045000
50.500000 23.500000 3.911000
51.500000 23.500000 4.049000

0.500000 24.500000 4.017000
1.500000 24.500000 3.972000
2.500000 24.500000 3.967000
3.500000 24.500000 3.922000
4.500000 24.500000 4.072000
5.500000 24.500000 4.041000
6.500000 24.500000 4.104000
7.500000 24.500000 4.126000
8.500000 24.500000 4.035000
9.500000 24.500000 4.025000
10.500000 24.500000 4.001000
11.500000 24.500000 4.018000
12.500000 24.500000 4.206000
13.500000 24.500000 4.132000
14.500000 24.500000 4.085000
15.500000 24.500000 4.168000
16.500000 24.500000 4.007000
17.500000 24.500000 4.184000
18.500000 24.500000 4.112000
19.500000 24.500000 4.121000
20.500000 24.500000 3.958000
21.500000 24.500000 4.080000
22.500000 24.500000 4.142000
23.500000 24.500000 4.042000
24.500000 24.500000 4.112000
25.500000 24.500000 4.117000
26.500000 24.500000 4.193000
27.500000 24.500000 3.865000
28.500000 24.500000 4.097000
29.500000 24.500000 4.162000
30.500000 24.500000 4.148000
31.500000 24.500000 4.252000
32.500000 24.500000 4.132000
33.500000 24.500000 4.061000
34.500000 24.500000 3.990000
35.500000 24.500000 3.956000
36.500000 24.500000 4.059000
37.500000 24.500000 4.113000
38.500000 24.500000 4.069000
39.500000 24.500000 4.239000
40.500000 24.500000 4.201000
41.500000 24.500000 4.143000
42.500000 24.500000 4.063000
43.500000 24.500000 3.958000
44.500000 24.500000 4.023000
45.500000 24.500000 4.131000
46.500000 24.500000 4.003000
47.500000 24.500000 3.984000
48.500000 24.500000 4.024000
49.500000 24.500000 4.005000
50.500000 24.500000 3.902000
51.500000 24.500000 4.009000

0.500000 25.500000 4.079000
1.500000 25.500000 3.973000
2.500000 25.500000 4.034000
3.500000 25.500000 4.039000
4.500000 25.500000 4.099000
5.500000 25.500000 4.101000
6.500000 25.500000 4.042000
7.500000 25.500000 4.074000
8.500000 25.500000 4.000000
9.500000 25.500000 4.008000
10.500000 25.500000 4.035000
11.500000 25.500000 4.129000
12.500000 25.500000 3.971000
13.500000 25.500000 3.953000
14.500000 25.500000 4.004000
15.500000 25.500000 4.108000
16.500000 25.500000 4.145000
17.500000 25.500000 4.061000
18.500000 25.500000 4.129000
19.500000 25.500000 4.128000
20.500000 25.500000 4.059000
21.500000 25.500000 4.100000
22.500000 25.500000 4.085000
23.500000 25.500000 4.102000
24.500000 25.500000 4.068000
25.500000 25.500000 4.021000
26.500000 25.500000 3.979000
27.500000 25.500000 4.065000
28.500000 25.500000 3.954000
29.500000 25.500000 3.986000
30.500000 25.500000 4.027000
31.500000 25.500000 4.089000
32.500000 25.500000 4.033000
33.500000 25.500000 4.125000
34.500000 25.500000 4.022000
35.500000 25.500000 3.894000
36.500000 25.500000 3.958000
37.500000 25.500000 3.905000
38.500000 25.500000 4.092000
39.500000 25.500000 4.179000
40.500000 25.500000 3.991000
41.500000 25.500000 4.064000
42.500000 25.500000 3.983000
43.500000 25.500000 3.973000
44.500000 25.500000 3.982000
45.500000 25.500000 3.999000
46.500000 25.500000 3.865000
47.500000 25.500000 3.869000
48.500000 25.500000 4.014000
49.500000 25.500000 3.999000
50.500000 25.500000 3.880000
51.500000 25.500000 3.890000

0.500000 26.500000 3.850000
1.500000 26.500000 3.976000
2.500000 26.500000 3.903000
3.500000 26.500000 3.912000
4.500000 26.500000 4.005000
5.500000 26.500000 3.898000
6.500000 26.500000 3.927000
7.500000 26.500000 3.928000
8.500000 26.500000 4.043000
9.500000 26.500000 3.989000
10.500000 26.500000 3.995000
11.500000 26.500000 4.119000
12.500000 26.500000 3.993000
13.500000 26.500000 3.934000
14.500000 26.500000 4.053000
15.500000 26.500000 4.065000
16.500000 26.500000 3.934000
17.500000 26.500000 3.947000
18.500000 26.500000 4.018000
19.500000 26.500000 4.194000
20.500000 26.500000 3.963000
21.500000 26.500000 3.898000
22.500000 26.500000 4.065000
23.500000 26.500000 4.104000
24.500000 26.500000 4.140000
25.500000 26.500000 4.014000
26.500000 26.500000 4.055000
27.500000 26.500000 3.951000
28.500000 26.500000 3.958000
29.500000 26.500000 4.041000
30.500000 26.500000 4.035000
31.500000 26.500000 3.960000
32.500000 26.500000 3.990000
33.500000 26.500000 4.096000
34.500000 26.500000 4.142000
35.500000 26.500000 4.025000
36.500000 26.500000 3.936000
37.500000 26.500000 3.994000
38.500000 26.500000 4.044000
39.500000 26.500000 3.958000
40.500000 26.500000 3.959000
41.500000 26.500000 4.014000
42.500000 26.500000 3.722000
43.500000 26.500000 3.933000
44.500000 26.500000 4.135000
45.500000 26.500000 4.075000
46.500000 26.500000 3.869000
47.500000 26.500000 3.919000
48.500000 26.500000 3.973000
49.500000 26.500000 3.957000
50.500000 26.500000 3.966000
51.500000 26.500000 4.054000

0.500000 27.500000 3.927000
1.500000 27.500000 4.017000
2.500000 27.500000 3.978000
3.500000 27.500000 3.958000
4.500000 27.500000 3.881000
5.500000 27.500000 3.848000
6.500000 27.500000 3.908000
7.500000 27.500000 3.992000
8.500000 27.500000 3.949000
9.500000 27.500000 3.959000
10.500000 27.500000 4.018000
11.500000 27.500000 3.910000
12.500000 27.500000 3.835000
13.500000 27.500000 4.021000
14.500000 27.500000 3.947000
15.500000 27.500000 3.983000
16.500000 27.500000 3.826000
17.500000 27.500000 3.898000
18.500000 27.500000 4.044000
19.500000 27.500000 3.971000
20.500000 27.500000 3.921000
21.500000 27.500000 4.111000
22.500000 27.500000 4.176000
23.500000 27.500000 4.035000
24.500000 27.500000 4.109000
25.500000 27.500000 3.958000
26.500000 27.500000 4.049000
27.500000 27.500000 4.095000
28.500000 27.500000 4.066000
29.500000 27.500000 3.861000
30.500000 27.500000 3.960000
31.500000 27.500000 4.071000
32.500000 27.500000 4.048000
33.500000 27.500000 4.046000
34.500000 27.500000 4.109000
35.500000 27.500000 4.064000
36.500000 27.500000 3.979000
37.500000 27.500000 4.128000
38.500000 27.500000 4.050000
39.500000 27.500000 4.105000
40.500000 27.500000 3.939000
41.500000 27.500000 3.920000
42.500000 27.500000 4.045000
43.500000 27.500000 4.001000
44.500000 27.500000 3.928000
45.500000 27.500000 4.017000
46.500000 27.500000 4.033000
47.500000 27.500000 3.974000
48.500000 27.500000 4.028000
49.500000 27.500000 4.032000
50.500000 27.500000 4.138000
51.500000 27.500000 4.132000

0.500000 28.500000 4.060000
1.500000 28.500000 4.138000
2.500000 28.500000 4.062000
3.500000 28.500000 3.836000
4.500000 28.500000 4.003000
5.500000 28.500000 3.792000
6.500000 28.500000 3.974000
7.500000 28.500000 3.904000
8.500000 28.500000 3.975000
9.500000 28.500000 4.055000
10.500000 28.500000 4.064000
11.500000 28.500000 4.119000
12.500000 28.500000 3.959000
13.500000 28.500000 3.990000
14.500000 28.500000 3.964000
15.500000 28.500000 3.848000
16.500000 28.500000 3.963000
17.500000 28.500000 3.898000
18.500000 28.500000 3.906000
19.500000 28.500000 4.016000
20.500000 28.500000 3.959000
21.500000 28.500000 4.029000
22.500000 28.500000 3.829000
23.500000 28.500000 3.876000
24.500000 28.500000 4.033000
25.500000 28.500000 3.927000
26.500000 28.500000 3.969000
27.500000 28.500000 3.927000
28.500000 28.500000 3.949000
29.500000 28.500000 3.888000
30.500000 28.500000 3.878000
31.500000 28.500000 3.992000
32.500000 28.500000 4.111000
33.500000 28.500000 4.039000
34.500000 28.500000 4.007000
35.500000 28.500000 4.041000
36.500000 28.500000 4.046000
37.500000 28.500000 4.035000
38.500000 28.500000 4.109000
39.500000 28.500000 4.048000
40.500000 28.500000 4.009000
41.500000 28.500000 3.886000
42.500000 28.500000 3.977000
43.500000 28.500000 3.971000
44.500000 28.500000 4.057000
45.500000 28.500000 3.939000
46.500000 28.500000 4.035000
47.500000 28.500000 3.981000
48.500000 28.500000 4.091000
49.500000 28.500000 4.247000
50.500000 28.500000 4.057000
51.500000 28.500000 4.098000

0.500000 29.500000 4.131000
1.500000 29.500000 4.087000
2.500000 29.500000 4.066000
3.500000 29.500000 3.933000
4.500000 29.500000 3.845000
5.500000 29.500000 3.839000
6.500000 29.500000 4.033000
7.500000 29.500000 4.073000
8.500000 29.500000 3.954000
9.500000 29.500000 4.015000
10.500000 29.500000 4.062000
11.500000 29.500000 3.903000
12.500000 29.500000 3.877000
13.500000 29.500000 3.974000
14.500000 29.500000 3.995000
15.500000 29.500000 3.958000
16.500000 29.500000 4.035000
17.500000 29.500000 3.939000
18.500000 29.500000 3.889000
19.500000 29.500000 4.036000
20.500000 29.500000 4.020000
21.500000 29.500000 4.043000
22.500000 29.500000 3.996000
23.500000 29.500000 3.964000
24.500000 29.500000 3.987000
25.500000 29.500000 3.907000
26.500000 29.500000 3.913000
27.500000 29.500000 3.914000
28.500000 29.500000 3.837000
29.500000 29.500000 3.911000
30.500000 29.500000 3.976000
31.500000 29.500000 3.950000
32.500000 29.500000 3.981000
33.500000 29.500000 3.931000
34.500000 29.500000 4.016000
35.500000 29.500000 4.098000
36.500000 29.500000 4.030000
37.500000 29.500000 3.919000
38.500000 29.500000 4.034000
39.500000 29.500000 3.990000
40.500000 29.500000 3.958000
41.500000 29.500000 3.902000
42.500000 29.500000 3.880000
43.500000 29.500000 3.888000
44.500000 29.500000 3.954000
45.500000 29.500000 4.008000
46.500000 29.500000 3.918000
47.500000 29.500000 4.005000
48.500000 29.500000 4.033000
49.500000 29.500000 4.175000
50.500000 29.500000 4.109000
51.500000 29.500000 4.102000

0.500000 30.500000 3.999000
1.500000 30.500000 4.040000
2.500000 30.500000 4.106000
3.500000 30.500000 4.127000
4.500000 30.500000 4.087000
5.500000 30.500000 3.870000
6.500000 30.500000 4.052000
7.500000 30.500000 4.049000
8.500000 30.500000 3.927000
9.500000 30.500000 3.934000
10.500000 30.500000 4.076000
11.500000 30.500000 3.988000
12.500000 30.500000 3.967000
13.500000 30.500000 4.210000
14.500000 30.500000 4.033000
15.500000 30.500000 4.017000
16.500000 30.500000 4.011000
17.500000 30.500000 3.917000
18.500000 30.500000 3.989000
19.500000 30.500000 4.031000
20.500000 30.500000 3.963000
21.500000 30.500000 3.874000
22.500000 30.500000 4.098000
23.500000 30.500000 4.084000
24.500000 30.500000 3.896000
25.500000 30.500000 4.127000
26.500000 30.500000 3.949000
27.500000 30.500000 4.119000
28.500000 30.500000 4.019000
29.500000 30.500000 3.841000
30.500000 30.500000 4.041000
31.500000 30.500000 4.130000
32.500000 30.500000 4.004000
33.500000 30.500000 3.951000
34.500000 30.500000 3.956000
35.500000 30.500000 4.069000
36.500000 30.500000 4.064000
37.500000 30.500000 3.922000
38.500000 30.500000 4.086000
39.500000 30.500000 4.088000
40.500000 30.500000 3.936000
41.500000 30.500000 4.029000
42.500000 30.500000 4.083000
43.500000 30.500000 4.021000
44.500000 30.500000 3.927000
45.500000 30.500000 3.995000
46.500000 30.500000 4.009000
47.500000 30.500000 4.038000
48.500000 30.500000 4.062000
49.500000 30.500000 4.245000
50.500000 30.500000 4.162000
51.500000 30.500000 4.034000

0.500000 31.500000 4.058000
1.500000 31.500000 4.058000
2.500000 31.500000 4.047000
3.500000 31.500000 3.902000
4.500000 31.500000 4.020000
5.500000 31.500000 3.884000
6.500000 31.500000 3.896000
7.500000 31.500000 3.974000
8.500000 31.500000 3.985000
9.500000 31.500000 3.981000
10.500000 31.500000 4.070000
11.500000 31.500000 4.187000
12.500000 31.500000 4.114000
13.500000 31.500000 4.198000
14.500000 31.500000 4.155000
15.500000 31.500000 3.987000
16.500000 31.500000 4.024000
17.500000 31.500000 3.991000
18.500000 31.500000 4.005000
19.500000 31.500000 4.011000
20.500000 31.500000 4.023000
21.500000 31.500000 3.924000
22.500000 31.500000 4.040000
23.500000 31.500000 4.061000
24.500000 31.500000 3.858000
25.500000 31.500000 3.972000
26.500000 31.500000 3.873000
27.500000 31.500000 3.937000
28.500000 31.500000 4.089000
29.500000 31.500000 3.957000
30.500000 31.500000 3.967000
31.500000 31.500000 4.083000
32.500000 31.500000 3.978000
33.500000 31.500000 3.937000
34.500000 31.500000 4.038000
35.500000 31.500000 4.048000
36.500000 31.500000 4.099000
37.500000 31.500000 4.125000
38.500000 31.500000 4.068000
39.500000 31.500000 3.950000
40.500000 31.500000 4.012000
41.500000 31.500000 3.882000
42.500000 31.500000 4.007000
43.500000 31.500000 4.019000
44.500000 31.500000 3.935000
45.500000 31.500000 3.924000
46.500000 31.500000 4.112000
47.500000 31.500000 4.068000
48.500000 31.500000 3.914000
49.500000 31.500000 3.920000
50.500000 31.500000 4.057000
51.500000 31.500000 4.206000

0.500000 32.500000 4.225000
1.500000 32.500000 4.181000
2.500000 32.500000 4.186000
3.500000 32.500000 4.032000
4.500000 32.500000 3.954000
5.500000 32.500000 3.911000
6.500000 32.500000 3.827000
7.500000 32.500000 3.998000
8.500000 32.500000 3.987000
9.500000 32.500000 3.940000
10.500000 32.500000 3.962000
11.500000 32.500000 4.055000
12.500000 32.500000 4.016000
13.500000 32.500000 4.151000
14.500000 32.500000 4.073000
15.500000 32.500000 4.154000
16.500000 32.500000 3.986000
17.500000 32.500000 4.091000
18.500000 32.500000 4.131000
19.500000 32.500000 4.146000
20.500000 32.500000 4.073000
21.500000 32.500000 3.893000
22.500000 32.500000 3.944000
23.500000 32.500000 3.882000
24.500000 32.500000 3.968000
25.500000 32.500000 3.867000
26.500000 32.500000 3.914000
27.500000 32.500000 4.010000
28.500000 32.500000 4.110000
29.500000 32.500000 4.042000
30.500000 32.500000 4.026000
31.500000 32.500000 4.070000
32.500000 32.500000 3.996000
33.500000 32.500000 4.056000
34.500000 32.500000 4.086000
35.500000 32.500000 3.952000
36.500000 32.500000 3.996000
37.500000 32.500000 3.952000
38.500000 32.500000 3.770000
39.500000 32.500000 3.843000
40.500000 32.500000 4.061000
41.500000 32.500000 4.257000
42.500000 32.500000 4.043000
43.500000 32.500000 3.953000
44.500000 32.500000 4.159000
45.500000 32.500000 3.974000
46.500000 32.500000 3.988000
47.500000 32.500000 4.183000
48.500000 32.500000 4.114000
49.500000 32.500000 3.932000
50.500000 32.500000 4.039000
51.500000 32.500000 4.131000

0.500000 33.500000 4.275000
1.500000 33.500000 3.950000
2.500000 33.500000 4.188000
3.500000 33.500000 3.977000
4.500000 33.500000 3.944000
5.500000 33.500000 4.135000
6.500000 33.500000 4.088000
7.500000 33.500000 4.089000
8.500000 33.500000 4.140000
9.500000 33.500000 4.018000
10.500000 33.500000 3.943000
11.500000 33.500000 4.059000
12.500000 33.500000 4.136000
13.500000 33.500000 4.143000
14.500000 33.500000 4.064000
15.500000 33.500000 4.024000
16.500000 33.500000 4.105000
17.500000 33.500000 4.088000
18.500000 33.500000 3.966000
19.500000 33.500000 3.969000
20.500000 33.500000 4.069000
21.500000 33.500000 4.104000
22.500000 33.500000 3.899000
23.500000 33.500000 4.079000
24.500000 33.500000 4.044000
25.500000 33.500000 4.094000
26.500000 33.500000 4.145000
27.500000 33.500000 4.015000
28.500000 33.500000 4.067000
29.500000 33.500000 4.119000
30.500000 33.500000 4.002000
31.500000 33.500000 4.045000
32.500000 33.500000 3.975000
33.500000 33.500000 4.104000
34.500000 33.500000 4.105000
35.500000 33.500000 4.046000
36.500000 33.500000 3.987000
37.500000 33.500000 3.959000
38.500000 33.500000 3.989000
39.500000 33.500000 3.995000
40.500000 33.500000 4.090000
41.500000 33.500000 3.971000
42.500000 33.500000 3.923000
43.500000 33.500000 3.986000
44.500000 33.500000 4.114000
45.500000 33.500000 3.951000
46.500000 33.500000 4.081000
47.500000 33.500000 4.112000
48.500000 33.500000 4.138000
49.500000 33.500000 4.175000
50.500000 33.500000 4.254000
51.500000 33.500000 4.153000

0.500000 34.500000 4.156000
1.500000 34.500000 4.075000
2.500000 34.500000 4.040000
3.500000 34.500000 4.171000
4.500000 34.500000 4.017000
5.500000 34.500000 4.089000
6.500000 34.500000 4.134000
7.500000 34.500000 4.293000
8.500000 34.500000 4.212000
9.500000 34.500000 4.105000
10.500000 34.500000 3.994000
11.500000 34.500000 4.156000
12.500000 34.500000 4.155000
13.500000 34.500000 4.052000
14.500000 34.500000 4.076000
15.500000 34.500000 4.163000
16.500000 34.500000 4.032000
17.500000 34.500000 4.179000
18.500000 34.500000 4.111000
19.500000 34.500000 3.957000
20.500000 34.500000 3.944000
21.500000 34.500000 4.073000
22.500000 34.500000 4.201000
23.500000 34.500000 4.174000
24.500000 34.500000 4.156000
25.500000 34.500000 4.352000
26.500000 34.500000 4.191000
27.500000 34.500000 4.110000
28.500000 34.500000 4.028000
29.500000 34.500000 4.149000
30.500000 34.500000 3.998000
31.500000 34.500000 4.104000
32.500000 34.500000 4.136000
33.500000 34.500000 4.012000
34.500000 34.500000 4.252000
35.500000 34.500000 4.127000
36.500000 34.500000 4.126000
37.500000 34.500000 4.036000
38.500000 34.500000 3.986000
39.500000 34.500000 4.082000
40.500000 34.500000 4.085000
41.500000 34.500000 4.119000
42.500000 34.500000 4.075000
43.500000 34.500000 4.122000
44.500000 34.500000 4.141000
45.500000 34.500000 4.031000
46.500000 34.500000 4.197000
47.500000 34.500000 4.216000
48.500000 34.500000 4.061000
49.500000 34.500000 4.115000
50.500000 34.500000 4.118000
51.500000 34.500000 4.186000

0.500000 35.500000 4.147000
1.500000 35.500000 4.169000
2.500000 35.500000 4.284000
3.500000 35.500000 4.184000
4.500000 35.500000 4.363000
5.500000 35.500000 4.025000
6.500000 35.500000 4.022000
7.500000 35.500000 4.276000
8.500000 35.500000 4.147000
9.500000 35.500000 4.055000
10.500000 35.500000 4.089000
11.500000 35.500000 4.106000
12.500000 35.500000 4.209000
13.500000 35.500000 4.163000
14.500000 35.500000 4.344000
15.500000 35.500000 4.204000
16.500000 35.500000 4.251000
17.500000 35.500000 4.212000
18.500000 35.500000 4.143000
19.500000 35.500000 4.203000
20.500000 35.500000 4.128000
21.500000 35.500000 4.184000
22.500000 35.500000 4.211000
23.500000 35.500000 4.343000
24.500000 35.500000 4.207000
25.500000 35.500000 4.202000
26.500000 35.500000 4.244000
27.500000 35.500000 4.166000
28.500000 35.500000 4.248000
29.500000 35.500000 4.287000
30.500000 35.500000 4.322000
31.500000 35.500000 4.186000
32.500000 35.500000 4.186000
33.500000 35.500000 4.103000
34.500000 35.500000 4.238000
35.500000 35.500000 4.105000
36.500000 35.500000 4.159000
37.500000 35.500000 4.165000
38.500000 35.500000 4.170000
39.500000 35.500000 4.113000
40.500000 35.500000 4.158000
41.500000 35.500000 4.341000
42.500000 35.500000 4.141000
43.500000 35.500000 4.270000
44.500000 35.500000 4.070000
45.500000 35.500000 4.061000
46.500000 35.500000 4.185000
47.500000 35.500000 4.198000
48.500000 35.500000 4.118000
49.500000 35.500000 4.150000
50.500000 35.500000 4.128000
51.500000 35.500000 4.082000

0.500000 36.500000 4.154000
1.500000 36.500000 4.314000
2.500000 36.500000 4.263000
3.500000 36.500000 4.149000
4.500000 36.500000 4.286000
5.500000 36.500000 4.249000
6.500000 36.500000 4.319000
7.500000 36.500000 4.159000
8.500000 36.500000 4.278000
9.500000 36.500000 4.142000
10.500000 36.500000 4.151000
11.500000 36.500000 4.143000
12.500000 36.500000 4.250000
13.500000 36.500000 4.214000
14.500000 36.500000 4.221000
15.500000 36.500000 4.215000
16.500000 36.500000 4.214000
17.500000 36.500000 4.143000
18.500000 36.500000 4.155000
19.500000 36.500000 4.103000
20.500000 36.500000 4.253000
21.500000 36.500000 4.210000
22.500000 36.500000 4.329000
23.500000 36.500000 4.195000
24.500000 36.500000 4.334000
25.500000 36.500000 4.217000
26.500000 36.500000 4.114000
27.500000 36.500000 4.300000
28.500000 36.500000 4.256000
29.500000 36.500000 4.353000
30.500000 36.500000 4.298000
31.500000 36.500000 4.235000
32.500000 36.500000 4.204000
33.500000 36.500000 4.330000
34.500000 36.500000 4.328000
35.500000 36.500000 4.475000
36.500000 36.500000 4.302000
37.500000 36.500000 4.184000
38.500000 36.500000 4.300000
39.500000 36.500000 3.969000
40.500000 36.500000 4.161000
41.500000 36.500000 4.255000
42.500000 36.500000 4.306000
43.500000 36.500000 4.361000
44.500000 36.500000 4.340000
45.500000 36.500000 4.426000
46.500000 36.500000 4.377000
47.500000 36.500000 4.370000
48.500000 36.500000 4.304000
49.500000 36.500000 4.346000
50.500000 36.500000 4.276000
51.500000 36.500000 4.290000

0.500000 37.500000 4.440000
1.500000 37.500000 4.564000
2.500000 37.500000 4.510000
3.500000 37.500000 4.403000
4.500000 37.500000 4.367000
5.500000 37.500000 4.439000
6.500000 37.500000 4.541000
7.500000 37.500000 4.580000
8.500000 37.500000 4.419000
9.500000 37.500000 4.350000
10.500000 37.500000 4.245000
11.500000 37.500000 4.378000
12.500000 37.500000 4.281000
13.500000 37.500000 4.299000
14.500000 37.500000 4.177000
15.500000 37.500000 4.279000
16.500000 37.500000 4.281000
17.500000 37.500000 4.241000
18.500000 37.500000 4.115000
19.500000 37.500000 4.448000
20.500000 37.500000 4.321000
21.500000 37.500000 4.441000
22.500000 37.500000 4.249000
23.500000 37.500000 4.310000
24.500000 37.500000 4.313000
25.500000 37.500000 4.226000
26.500000 37.500000 4.375000
27.500000 37.500000 4.566000
28.500000 37.500000 4.452000
29.500000 37.500000 4.292000
30.500000 37.500000 4.395000
31.500000 37.500000 4.423000
32.500000 37.500000 4.378000
33.500000 37.500000 4.344000
34.500000 37.500000 4.474000
35.500000 37.500000 4.411000
36.500000 37.500000 4.446000
37.500000 37.500000 4.287000
38.500000 37.500000 4.398000
39.500000 37.500000 4.404000
40.500000 37.500000 4.449000
41.500000 37.500000 4.194000
42.500000 37.500000 4.362000
43.500000 37.500000 4.560000
44.500000 37.500000 4.402000
45.500000 37.500000 4.434000
46.500000 37.500000 4.360000
47.500000 37.500000 4.415000
48.500000 37.500000 4.307000
49.500000 37.500000 4.301000
50.500000 37.500000 4.316000
51.500000 37.500000 4.458000

0.500000 38.500000 4.438000
1.500000 38.500000 4.630000
2.500000 38.500000 4.599000
3.500000 38.500000 4.342000
4.500000 38.500000 4.424000
5.500000 38.500000 4.489000
6.500000 38.500000 4.295000
7.500000 38.500000 4.505000
8.500000 38.500000 4.508000
9.500000 38.500000 4.267000
10.500000 38.500000 4.427000
11.500000 38.500000 4.471000
12.500000 38.500000 4.291000
13.500000 38.500000 4.466000
14.500000 38.500000 4.400000
15.500000 38.500000 4.460000
16.500000 38.500000 4.417000
17.500000 38.500000 4.484000
18.500000 38.500000 4.471000
19.500000 38.500000 4.423000
20.500000 38.500000 4.429000
21.500000 38.500000 4.553000
22.500000 38.500000 4.421000
23.500000 38.500000 4.523000
24.500000 38.500000 4.478000
25.500000 38.500000 4.605000
26.500000 38.500000 4.443000
27.500000 38.500000 4.416000
28.500000 38.500000 4.323000
29.500000 38.500000 4.432000
30.500000 38.500000 4.346000
31.500000 38.500000 4.355000
32.500000 38.500000 4.606000
33.500000 38.500000 4.434000
34.500000 38.500000 4.549000
35.500000 38.500000 4.516000
36.500000 38.500000 4.520000
37.500000 38.500000 4.433000
38.500000 38.500000 4.452000
39.500000 38.500000 4.474000
40.500000 38.500000 4.512000
41.500000 38.500000 4.465000
42.500000 38.500000 4.480000
43.500000 38.500000 4.557000
44.500000 38.500000 4.468000
45.500000 38.500000 4.471000
46.500000 38.500000 4.238000
47.500000 38.500000 4.427000
48.500000 38.500000 4.300000
49.500000 38.500000 4.394000
50.500000 38.500000 4.355000
51.500000 38.500000 4.408000

0.500000 39.500000 4.554000
1.500000 39.500000 4.680000
2.500000 39.500000 4.573000
3.500000 39.500000 4.476000
4.500000 39.500000 4.487000
5.500000 39.500000 4.497000
6.500000 39.500000 4.620000
7.500000 39.500000 4.600000
8.500000 39.500000 4.446000
9.500000 39.500000 4.603000
10.500000 39.500000 4.432000
11.500000 39.500000 4.444000
12.500000 39.500000 4.462000
13.500000 39.500000 4.363000
14.500000 39.500000 4.377000
15.500000 39.500000 4.557000
16.500000 39.500000 4.507000
17.500000 39.500000 4.291000
18.500000 39.500000 4.436000
19.500000 39.500000 4.552000
20.500000 39.500000 4.518000
21.500000 39.500000 4.440000
22.500000 39.500000 4.456000
23.500000 39.500000 4.673000
24.500000 39.500000 4.571000
25.500000 39.500000 4.543000
26.500000 39.500000 4.603000
27.500000 39.500000 4.552000
28.500000 39.500000 4.478000
29.500000 39.500000 4.647000
30.500000 39.500000 4.443000
31.500000 39.500000 4.557000
32.500000 39.500000 4.704000
33.500000 39.500000 4.700000
34.500000 39.500000 4.783000
35.500000 39.500000 4.702000
36.500000 39.500000 4.670000
37.500000 39.500000 4.515000
38.500000 39.500000 4.587000
39.500000 39.500000 4.603000
40.500000 39.500000 4.564000
41.500000 39.500000 4.618000
42.500000 39.500000 4.583000
43.500000 39.500000 4.642000
44.500000 39.500000 4.737000
45.500000 39.500000 4.538000
46.500000 39.500000 4.295000
47.500000 39.500000 4.482000
48.500000 39.500000 4.366000
49.500000 39.500000 4.476000
50.500000 39.500000 4.725000
51.500000 39.500000 4.427000

0.500000 40.500000 4.729000
1.500000 40.500000 4.756000
2.500000 40.500000 4.623000
3.500000 40.500000 4.746000
4.500000 40.500000 4.605000
5.500000 40.500000 4.622000
6.500000 40.500000 4.811000
7.500000 40.500000 4.691000
8.500000 40.500000 4.511000
9.500000 40.500000 4.697000
10.500000 40.500000 4.747000
11.500000 40.500000 4.757000
12.500000 40.500000 4.473000
13.500000 40.500000 4.514000
14.500000 40.500000 4.420000
15.500000 40.500000 4.656000
16.500000 40.500000 4.741000
17.500000 40.500000 4.653000
18.500000 40.500000 4.637000
19.500000 40.500000 4.652000
20.500000 40.500000 4.699000
21.500000 40.500000 4.680000
22.500000 40.500000 4.858000
23.500000 40.500000 4.742000
24.500000 40.500000 4.654000
25.500000 40.500000 4.723000
26.500000 40.500000 4.583000
27.500000 40.500000 4.739000
28.500000 40.500000 4.756000
29.500000 40.500000 4.648000
30.500000 40.500000 4.644000
31.500000 40.500000 4.872000
32.500000 40.500000 4.803000
33.500000 40.500000 4.893000
34.500000 40.500000 4.822000
35.500000 40.500000 4.704000
36.500000 40.500000 4.521000
37.500000 40.500000 4.539000
38.500000 40.500000 4.748000
39.500000 40.500000 4.722000
40.500000 40.500000 4.758000
41.500000 40.500000 4.880000
42.500000 40.500000 4.606000
43.500000 40.500000 4.629000
44.500000 40.500000 4.729000
45.500000 40.500000 4.739000
46.500000 40.500000 4.714000
47.500000 40.500000 4.667000
48.500000 40.500000 4.512000
49.500000 40.500000 4.579000
50.500000 40.500000 4.609000
51.500000 40.500000 4.644000

0.500000 41.500000 4.747000
1.500000 41.500000 4.845000
2.500000 41.500000 5.084000
3.500000 41.500000 4.708000
4.500000 41.500000 4.725000
5.500000 41.500000 4.724000
6.500000 41.500000 4.907000
7.500000 41.500000 4.798000
8.500000 41.500000 4.731000
9.500000 41.500000 4.894000
10.500000 41.500000 4.871000
11.500000 41.500000 4.740000
12.500000 41.500000 4.619000
13.500000 41.500000 4.635000
14.500000 41.500000 4.725000
15.500000 41.500000 4.774000
16.500000 41.500000 4.780000
17.500000 41.500000 4.717000
18.500000 41.500000 4.756000
19.500000 41.500000 4.912000
20.500000 41.500000 4.895000
21.500000 41.500000 4.754000
22.500000 41.500000 4.780000
23.500000 41.500000 4.812000
24.500000 41.500000 4.932000
25.500000 41.500000 4.954000
26.500000 41.500000 4.781000
27.500000 41.500000 4.882000
28.500000 41.500000 4.874000
29.500000 41.500000 4.954000
30.500000 41.500000 4.743000
31.500000 41.500000 4.873000
32.500000 41.500000 4.852000
33.500000 41.500000 5.018000
34.500000 41.500000 4.660000
35.500000 41.500000 4.838000
36.500000 41.500000 4.700000
37.500000 41.500000 4.797000
38.500000 41.500000 4.653000
39.500000 41.500000 4.696000
40.500000 41.500000 4.733000
41.500000 41.500000 4.760000
42.500000 41.500000 4.634000
43.500000 41.500000 4.822000
44.500000 41.500000 4.909000
45.500000 41.500000 4.953000
46.500000 41.500000 4.775000
47.500000 41.500000 4.873000
48.500000 41.500000 4.883000
49.500000 41.500000 4.846000
50.500000 41.500000 4.673000
51.500000 41.500000 4.741000

0.500000 42.500000 4.977000
1.500000 42.500000 4.819000
2.500000 42.500000 4.965000
3.500000 42.500000 5.096000
4.500000 42.500000 4.933000
5.500000 42.500000 5.115000
6.500000 42.500000 4.847000
7.500000 42.500000 5.005000
8.500000 42.500000 4.871000
9.500000 42.500000 4.879000
10.500000 42.500000 4.994000
11.500000 42.500000 4.967000
12.500000 42.500000 4.842000
13.500000 42.500000 4.939000
14.500000 42.500000 5.058000
15.500000 42.500000 4.949000
16.500000 42.500000 4.911000
17.500000 42.500000 4.896000
18.500000 42.500000 5.010000
19.500000 42.500000 4.864000
20.500000 42.500000 5.099000
21.500000 42.500000 5.177000
22.500000 42.500000 5.119000
23.500000 42.500000 4.948000
24.500000 42.500000 4.921000
25.500000 42.500000 5.048000
26.500000 42.500000 4.893000
27.500000 42.500000 5.041000
28.500000 42.500000 5.020000
29.500000 42.500000 4.867000
30.500000 42.500000 5.038000
31.500000 42.500000 5.035000
32.500000 42.500000 5.064000
33.500000 42.500000 5.296000
34.500000 42.500000 5.174000
35.500000 42.500000 4.996000
36.500000 42.500000 4.726000
37.500000 42.500000 4.968000
38.500000 42.500000 5.081000
39.500000 42.500000 4.909000
40.500000 42.500000 4.936000
41.500000 42.500000 4.819000
42.500000 42.500000 4.979000
43.500000 42.500000 4.990000
44.500000 42.500000 4.873000
45.500000 42.500000 5.182000
46.500000 42.500000 4.976000
47.500000 42.500000 4.916000
48.500000 42.500000 4.845000
49.500000 42.500000 4.855000
50.500000 42.500000 5.018000
51.500000 42.500000 5.103000

0.500000 43.500000 5.141000
1.500000 43.500000 5.057000
2.500000 43.500000 5.158000
3.500000 43.500000 5.104000
4.500000 43.500000 5.164000
5.500000 43.500000 5.228000
6.500000 43.500000 5.223000
7.500000 43.500000 5.077000
8.500000 43.500000 5.148000
9.500000 43.500000 5.223000
10.500000 43.500000 5.151000
11.500000 43.500000 4.972000
12.500000 43.500000 5.014000
13.500000 43.500000 4.954000
14.500000 43.500000 5.130000
15.500000 43.500000 5.185000
16.500000 43.500000 5.226000
17.500000 43.500000 5.187000
18.500000 43.500000 5.075000
19.500000 43.500000 5.109000
20.500000 43.500000 5.315000
21.500000 43.500000 5.310000
22.500000 43.500000 5.174000
23.500000 43.500000 5.104000
24.500000 43.500000 5.118000
25.500000 43.500000 5.267000
26.500000 43.500000 5.061000
27.500000 43.500000 5.112000
28.500000 43.500000 5.064000
29.500000 43.500000 5.105000
30.500000 43.500000 5.124000
31.500000 43.500000 5.316000
32.500000 43.500000 5.260000
33.500000 43.500000 5.160000
34.500000 43.500000 5.263000
35.500000 43.500000 5.244000
36.500000 43.500000 5.326000
37.500000 43.500000 5.124000
38.500000 43.500000 5.330000
39.500000 43.500000 5.206000
40.500000 43.500000 5.188000
41.500000 43.500000 5.000000
42.500000 43.500000 5.014000
43.500000 43.500000 5.019000
44.500000 43.500000 5.236000
45.500000 43.500000 5.239000
46.500000 43.500000 4.991000
47.500000 43.500000 5.043000
48.500000 43.500000 5.065000
49.500000 43.500000 5.040000
50.500000 43.500000 5.107000
51.500000 43.500000 5.125000

0.500000 44.500000 5.472000
1.500000 44.500000 5.226000
2.500000 44.500000 5.468000
3.500000 44.500000 5.352000
4.500000 44.500000 5.348000
5.500000 44.500000 5.163000
6.500000 44.500000 5.342000
7.500000 44.500000 5.156000
8.500000 44.500000 5.249000
9.500000 44.500000 5.179000
10.500000 44.500000 5.240000
11.500000 44.500000 5.395000
12.500000 44.500000 5.189000
13.500000 44.500000 5.093000
14.500000 44.500000 5.232000
15.500000 44.500000 5.360000
16.500000 44.500000 5.315000
17.500000 44.500000 5.192000
18.500000 44.500000 5.316000
19.500000 44.500000 5.263000
20.500000 44.500000 5.246000
21.500000 44.500000 5.386000
22.500000 44.500000 5.260000
23.500000 44.500000 5.237000
24.500000 44.500000 5.337000
25.500000 44.500000 5.225000
26.500000 44.500000 5.396000
27.500000 44.500000 5.332000
28.500000 44.500000 5.126000
29.500000 44.500000 5.452000
30.500000 44.500000 5.337000
31.500000 44.500000 5.317000
32.500000 44.500000 5.449000
33.500000 44.500000 5.397000
34.500000 44.500000 5.444000
35.500000 44.500000 5.355000
36.500000 44.500000 5.524000
37.500000 44.500000 5.349000
38.500000 44.500000 5.411000
39.500000 44.500000 5.334000
40.500000 44.500000 5.179000
41.500000 44.500000 5.343000
42.500000 44.500000 5.409000
43.500000 44.500000 5.256000
44.500000 44.500000 5.428000
45.500000 44.500000 5.267000
46.500000 44.500000 5.298000
47.500000 44.500000 5.413000
48.500000 44.500000 5.052000
49.500000 44.500000 5.289000
50.500000 44.500000 5.336000
51.500000 44.500000 5.399000

0.500000 45.500000 5.641000
1.500000 45.500000 5.442000
2.500000 45.500000 5.808000
3.500000 45.500000 5.657000
4.500000 45.500000 5.683000
5.500000 45.500000 5.571000
6.500000 45.500000 5.494000
7.500000 45.500000 5.449000
8.500000 45.500000 5.503000
9.500000 45.500000 5.341000
10.500000 45.500000 5.391000
11.500000 45.500000 5.451000
12.500000 45.500000 5.322000
13.500000 45.500000 5.423000
14.500000 45.500000 5.497000
15.500000 45.500000 5.534000
16.500000 45.500000 5.491000
17.500000 45.500000 5.542000
18.500000 45.500000 5.635000
19.500000 45.500000 5.477000
20.500000 45.500000 5.654000
21.500000 45.500000 5.655000
22.500000 45.500000 5.678000
23.500000 45.500000 5.624000
24.500000 45.500000 5.551000
25.500000 45.500000 5.618000
26.500000 45.500000 5.599000
27.500000 45.500000 5.664000
28.500000 45.500000 5.758000
29.500000 45.500000 5.521000
30.500000 45.500000 5.665000
31.500000 45.500000 5.502000
32.500000 45.500000 5.567000
33.500000 45.500000 5.680000
34.500000 45.500000 5.639000
35.500000 45.500000 5.528000
36.500000 45.500000 5.731000
37.500000 45.500000 5.618000
38.500000 45.500000 5.744000
39.500000 45.500000 5.581000
40.500000 45.500000 5.433000
41.500000 45.500000 5.475000
42.500000 45.500000 5.615000
43.500000 45.500000 5.436000
44.500000 45.500000 5.404000
45.500000 45.500000 5.539000
46.500000 45.500000 5.538000
47.500000 45.500000 5.610000
48.500000 45.500000 5.439000
49.500000 45.500000 5.532000
50.500000 45.500000 5.514000
51.500000 45.500000 5.571000

0.500000 46.500000 5.990000
1.500000 46.500000 6.025000
2.500000 46.500000 6.048000
3.500000 46.500000 6.043000
4.500000 46.500000 6.018000
5.500000 46.500000 5.970000
6.500000 46.500000 5.780000
7.500000 46.500000 5.650000
8.500000 46.500000 5.667000
9.500000 46.500000 5.702000
10.500000 46.500000 5.744000
11.500000 46.500000 5.859000
12.500000 46.500000 5.710000
13.500000 46.500000 5.894000
14.500000 46.500000 5.700000
15.500000 46.500000 5.643000
16.500000 46.500000 5.699000
17.500000 46.500000 5.922000
18.500000 46.500000 5.691000
19.500000 46.500000 5.663000
20.500000 46.500000 5.696000
21.500000 46.500000 5.889000
22.500000 46.500000 5.997000
23.500000 46.500000 6.140000
24.500000 46.500000 6.129000
25.500000 46.500000 5.962000
26.500000 46.500000 5.853000
27.500000 46.500000 6.074000
28.500000 46.500000 5.801000
29.500000 46.500000 5.865000
30.500000 46.500000 6.088000
31.500000 46.500000 5.943000
32.500000 46.500000 5.872000
33.500000 46.500000 5.897000
34.500000 46.500000 5.721000
35.500000 46.500000 5.957000
36.500000 46.500000 5.823000
37.500000 46.500000 6.001000
38.500000 46.500000 6.015000
39.500000 46.500000 5.888000
40.500000 46.500000 5.677000
41.500000 46.500000 5.807000
42.500000 46.500000 5.865000
43.500000 46.500000 5.838000
44.500000 46.500000 5.883000
45.500000 46.500000 5.591000
46.500000 46.500000 5.852000
47.500000 46.500000 5.721000
48.500000 46.500000 5.841000
49.500000 46.500000 5.699000
50.500000 46.500000 5.725000
51.500000 46.500000 5.919000

0.500000 47.500000 6.265000
1.500000 47.500000 6.295000
2.500000 47.500000 6.255000
3.500000 47.500000 6.303000
4.500000 47.500000 6.284000
5.500000 47.500000 6.116000
6.500000 47.500000 6.315000
7.500000 47.500000 5.987000
8.500000 47.500000 6.015000
9.500000 47.500000 6.198000
10.500000 47.500000 6.306000
11.500000 47.500000 6.175000
12.500000 47.500000 6.066000
13.500000 47.500000 6.063000
14.500000 47.500000 5.980000
15.500000 47.500000 6.224000
16.500000 47.500000 6.091000
17.500000 47.500000 6.092000
18.500000 47.500000 6.113000
19.500000 47.500000 5.855000
20.500000 47.500000 6.067000
21.500000 47.500000 6.121000
22.500000 47.500000 6.260000
23.500000 47.500000 6.686000
24.500000 47.500000 6.344000
25.500000 47.500000 6.221000
26.500000 47.500000 6.271000
27.500000 47.500000 6.229000
28.500000 47.500000 6.033000
29.500000 47.500000 6.148000
30.500000 47.500000 6.247000
31.500000 47.500000 6.354000
32.500000 47.500000 6.257000
33.500000 47.500000 6.114000
34.500000 47.500000 6.082000
35.500000 47.500000 6.074000
36.500000 47.500000 6.203000
37.500000 47.500000 6.112000
38.500000 47.500000 6.305000
39.500000 47.500000 6.029000
40.500000 47.500000 5.962000
41.500000 47.500000 6.023000
42.500000 47.500000 6.238000
43.500000 47.500000 6.197000
44.500000 47.500000 6.165000
45.500000 47.500000 5.892000
46.500000 47.500000 6.117000
47.500000 47.500000 6.314000
48.500000 47.500000 6.146000
49.500000 47.500000 6.360000
50.500000 47.500000 5.897000
51.500000 47.500000 5.877000

0.500000 48.500000 6.586000
1.500000 48.500000 6.582000
2.500000 48.500000 6.274000
3.500000 48.500000 6.775000
4.500000 48.500000 6.412000
5.500000 48.500000 6.372000
6.500000 48.500000 6.402000
7.500000 48.500000 6.371000
8.500000 48.500000 6.267000
9.500000 48.500000 6.394000
10.500000 48.500000 6.435000
11.500000 48.500000 6.641000
12.500000 48.500000 6.341000
13.500000 48.500000 6.375000
14.500000 48.500000 6.493000
15.500000 48.500000 6.490000
16.500000 48.500000 6.612000
17.500000 48.500000 6.303000
18.500000 48.500000 6.263000
19.500000 48.500000 6.585000
20.500000 48.500000 6.502000
21.500000 48.500000 6.371000
22.500000 48.500000 6.625000
23.500000 48.500000 6.728000
24.500000 48.500000 6.649000
25.500000 48.500000 6.546000
26.500000 48.500000 6.817000
27.500000 48.500000 6.477000
28.500000 48.500000 6.298000
29.500000 48.500000 6.741000
30.500000 48.500000 6.373000
31.500000 48.500000 6.222000
32.500000 48.500000 6.450000
33.500000 48.500000 6.445000
34.500000 48.500000 6.634000
35.500000 48.500000 6.570000
36.500000 48.500000 6.504000
37.500000 48.500000 6.637000
38.500000 48.500000 6.663000
39.500000 48.500000 6.492000
40.500000 48.500000 6.289000
41.500000 48.500000 6.413000
42.500000 48.500000 6.313000
43.500000 48.500000 6.538000
44.500000 48.500000 6.536000
45.500000 48.500000 6.569000
46.500000 48.500000 6.405000
47.500000 48.500000 6.700000
48.500000 48.500000 6.647000
49.500000 48.500000 6.515000
50.500000 48.500000 6.204000
51.500000 48.500000 6.161000

0.500000 49.500000 6.740000
1.500000 49.500000 6.521000
2.500000 49.500000 6.675000
3.500000 49.500000 7.236000
4.500000 49.500000 6.840000
5.500000 49.500000 6.948000
6.500000 49.500000 6.576000
7.500000 49.500000 6.764000
8.500000 49.500000 6.874000
9.500000 49.500000 6.935000
10.500000 49.500000 6.671000
11.500000 49.500000 7.013000
12.500000 49.500000 7.010000
13.500000 49.500000 6.957000
14.500000 49.500000 6.748000
15.500000 49.500000 6.640000
16.500000 49.500000 6.828000
17.500000 49.500000 6.716000
18.500000 49.500000 6.663000
19.500000 49.500000 6.969000
20.500000 49.500000 6.694000
21.500000 49.500000 6.844000
22.500000 49.500000 7.107000
23.500000 49.500000 6.787000
24.500000 49.500000 6.771000
25.500000 49.500000 6.709000
26.500000 49.500000 7.070000
27.500000 49.500000 7.136000
28.500000 49.500000 7.027000
29.500000 49.500000 6.883000
30.500000 49.500000 6.546000
31.500000 49.500000 6.732000
32.500000 49.500000 6.801000
33.500000 49.500000 6.848000
34.500000 49.500000 6.943000
35.500000 49.500000 6.766000
36.500000 49.500000 6.970000
37.500000 49.500000 6.819000
38.500000 49.500000 6.883000
39.500000 49.500000 6.731000
40.500000 49.500000 6.660000
41.500000 49.500000 6.758000
42.500000 49.500000 6.859000
43.500000 49.500000 6.824000
44.500000 49.500000 6.778000
45.500000 49.500000 6.995000
46.500000 49.500000 6.965000
47.500000 49.500000 6.987000
48.500000 49.500000 7.280000
49.500000 49.500000 6.934000
50.500000 49.500000 6.751000
51.500000 49.500000 6.793000

0.500000 50.500000 7.230000
1.500000 50.500000 7.431000
2.500000 50.500000 7.325000
3.500000 50.500000 7.471000
4.500000 50.500000 7.487000
5.500000 50.500000 7.425000
6.500000 50.500000 7.417000
7.500000 50.500000 7.511000
8.500000 50.500000 7.766000
9.500000 50.500000 7.510000
10.500000 50.500000 7.336000
11.500000 50.500000 7.225000
12.500000 50.500000 7.092000
13.500000 50.500000 7.211000
14.500000 50.500000 7.162000
15.500000 50.500000 6.916000
16.500000 50.500000 7.266000
17.500000 50.500000 7.447000
18.500000 50.500000 7.640000
19.500000 50.500000 7.615000
20.500000 50.500000 7.325000
21.500000 50.500000 7.328000
22.500000 50.500000 7.517000
23.500000 50.500000 7.515000
24.500000 50.500000 7.403000
25.500000 50.500000 7.110000
26.500000 50.500000 7.304000
27.500000 50.500000 7.819000
28.500000 50.500000 7.731000
29.500000 50.500000 7.493000
30.500000 50.500000 7.445000
31.500000 50.500000 7.403000
32.500000 50.500000 7.454000
33.500000 50.500000 7.542000
34.500000 50.500000 7.540000
35.500000 50.500000 7.403000
36.500000 50.500000 7.570000
37.500000 50.500000 7.291000
38.500000 50.500000 7.534000
39.500000 50.500000 7.316000
40.500000 50.500000 7.046000
41.500000 50.500000 7.246000
42.500000 50.500000 7.682000
43.500000 50.500000 7.395000
44.500000 50.500000 7.394000
45.500000 50.500000 7.474000
46.500000 50.500000 7.556000
47.500000 50.500000 7.487000
48.500000 50.500000 7.741000
49.500000 50.500000 7.595000
50.500000 50.500000 7.349000
51.500000 50.500000 7.470000

0.500000 51.500000 7.899000
1.500000 51.500000 7.951000
2.500000 51.500000 8.082000
3.500000 51.500000 8.066000
4.500000 51.500000 8.163000
5.500000 51.500000 7.876000
6.500000 51.500000 8.035000
7.500000 51.500000 8.199000
8.500000 51.500000 7.929000
9.500000 51.500000 8.015000
10.500000 51.500000 8.226000
11.500000 51.500000 8.509000
12.500000 51.500000 8.278000
13.500000 51.500000 8.334000
14.500000 51.500000 7.893000
15.500000 51.500000 7.843000
16.500000 51.500000 7.933000
17.500000 51.500000 8.121000
18.500000 51.500000 8.180000
19.500000 51.500000 8.019000
20.500000 51.500000 8.018000
21.500000 51.500000 8.002000
22.500000 51.500000 8.569000
23.500000 51.500000 8.147000
24.500000 51.500000 8.025000
25.500000 51.500000 8.129000
26.500000 51.500000 8.308000
27.500000 51.500000 8.466000
28.500000 51.500000 8.296000
29.500000 51.500000 8.453000
30.500000 51.500000 8.507000
31.500000 51.500000 8.036000
32.500000 51.500000 8.314000
33.500000 51.500000 8.140000
34.500000 51.500000 8.023000
35.500000 51.500000 8.260000
36.500000 51.500000 8.289000
37.500000 51.500000 8.435000
38.500000 51.500000 7.983000
39.500000 51.500000 8.007000
40.500000 51.500000 7.908000
41.500000 51.500000 8.086000
42.500000 51.500000 8.338000
43.500000 51.500000 8.139000
44.500000 51.500000 8.038000
45.500000 51.500000 8.095000
46.500000 51.500000 8.286000
47.500000 51.500000 8.100000
48.500000 51.500000 8.257000
49.500000 51.500000 8.099000
50.500000 51.500000 8.096000
51.500000 51.500000 7.972000

