0.500000 0.500000 8.175000
1.500000 0.500000 8.371000
2.500000 0.500000 8.520000
3.500000 0.500000 8.188000
4.500000 0.500000 8.051000
5.500000 0.500000 8.360000
6.500000 0.500000 8.140000
7.500000 0.500000 7.689000
8.500000 0.500000 7.638000
9.500000 0.500000 8.043000
10.500000 0.500000 8.066000
11.500000 0.500000 8.436000
12.500000 0.500000 8.243000
13.500000 0.500000 8.205000
14.500000 0.500000 8.007000
15.500000 0.500000 7.972000
16.500000 0.500000 8.048000
17.500000 0.500000 8.106000
18.500000 0.500000 8.006000
19.500000 0.500000 8.020000
20.500000 0.500000 8.027000
21.500000 0.500000 8.367000
22.500000 0.500000 8.348000
23.500000 0.500000 8.261000
24.500000 0.500000 8.111000
25.500000 0.500000 8.313000
26.500000 0.500000 8.257000
27.500000 0.500000 8.271000
28.500000 0.500000 7.947000
29.500000 0.500000 8.136000
30.500000 0.500000 8.068000
31.500000 0.500000 8.157000
32.500000 0.500000 8.403000
33.500000 0.500000 8.200000
34.500000 0.500000 8.248000
35.500000 0.500000 8.564000
36.500000 0.500000 8.485000
37.500000 0.500000 8.209000
38.500000 0.500000 8.068000
39.500000 0.500000 8.480000
40.500000 0.500000 8.300000
41.500000 0.500000 8.455000
42.500000 0.500000 8.357000
43.500000 0.500000 7.781000
44.500000 0.500000 7.959000
45.500000 0.500000 8.154000
46.500000 0.500000 8.337000
47.500000 0.500000 8.310000
48.500000 0.500000 7.975000
49.500000 0.500000 7.978000
50.500000 0.500000 8.555000
51.500000 0.500000 8.018000

0.500000 1.500000 7.502000
1.500000 1.500000 7.412000
2.500000 1.500000 7.740000
3.500000 1.500000 7.356000
4.500000 1.500000 7.357000
5.500000 1.500000 7.413000
6.500000 1.500000 7.379000
7.500000 1.500000 7.019000
8.500000 1.500000 7.124000
9.500000 1.500000 7.339000
10.500000 1.500000 7.523000
11.500000 1.500000 7.422000
12.500000 1.500000 7.262000
13.500000 1.500000 7.227000
14.500000 1.500000 7.241000
15.500000 1.500000 7.319000
16.500000 1.500000 7.397000
17.500000 1.500000 7.192000
18.500000 1.500000 7.207000
19.500000 1.500000 7.379000
20.500000 1.500000 7.626000
21.500000 1.500000 7.515000
22.500000 1.500000 7.447000
23.500000 1.500000 7.294000
24.500000 1.500000 7.575000
25.500000 1.500000 7.660000
26.500000 1.500000 7.539000
27.500000 1.500000 7.241000
28.500000 1.500000 7.610000
29.500000 1.500000 7.495000
30.500000 1.500000 7.370000
31.500000 1.500000 7.643000
32.500000 1.500000 7.625000
33.500000 1.500000 7.718000
34.500000 1.500000 7.551000
35.500000 1.500000 7.585000
36.500000 1.500000 7.501000
37.500000 1.500000 7.937000
38.500000 1.500000 7.809000
39.500000 1.500000 7.782000
40.500000 1.500000 7.939000
41.500000 1.500000 7.864000
42.500000 1.500000 7.574000
43.500000 1.500000 7.243000
44.500000 1.500000 7.297000
45.500000 1.500000 7.317000
46.500000 1.500000 7.410000
47.500000 1.500000 7.443000
48.500000 1.500000 7.461000
49.500000 1.500000 7.447000
50.500000 1.500000 7.494000
51.500000 1.500000 7.614000

0.500000 2.500000 7.052000
1.500000 2.500000 7.007000
2.500000 2.500000 6.929000
3.500000 2.500000 6.924000
4.500000 2.500000 6.888000
5.500000 2.500000 6.735000
6.500000 2.500000 6.619000
7.500000 2.500000 6.785000
8.500000 2.500000 6.620000
9.500000 2.500000 6.759000
10.500000 2.500000 6.796000
11.500000 2.500000 6.620000
12.500000 2.500000 6.589000
13.500000 2.500000 6.562000
14.500000 2.500000 6.587000
15.500000 2.500000 6.444000
16.500000 2.500000 6.457000
17.500000 2.500000 6.418000
18.500000 2.500000 6.652000
19.500000 2.500000 6.890000
20.500000 2.500000 6.893000
21.500000 2.500000 6.814000
22.500000 2.500000 6.891000
23.500000 2.500000 6.772000
24.500000 2.500000 7.000000
25.500000 2.500000 7.148000
26.500000 2.500000 7.135000
27.500000 2.500000 7.231000
28.500000 2.500000 7.040000
29.500000 2.500000 6.838000
30.500000 2.500000 6.814000
31.500000 2.500000 6.905000
32.500000 2.500000 6.917000
33.500000 2.500000 6.687000
34.500000 2.500000 7.042000
35.500000 2.500000 6.971000
36.500000 2.500000 7.041000
37.500000 2.500000 7.081000
38.500000 2.500000 6.931000
39.500000 2.500000 7.135000
40.500000 2.500000 7.208000
41.500000 2.500000 7.173000
42.500000 2.500000 6.997000
43.500000 2.500000 6.715000
44.500000 2.500000 7.196000
45.500000 2.500000 6.940000
46.500000 2.500000 6.755000
47.500000 2.500000 6.822000
48.500000 2.500000 6.766000
49.500000 2.500000 6.785000
50.500000 2.500000 6.879000
51.500000 2.500000 6.969000

0.500000 3.500000 6.580000
1.500000 3.500000 6.324000
2.500000 3.500000 6.445000
3.500000 3.500000 6.378000
4.500000 3.500000 6.400000
5.500000 3.500000 6.412000
6.500000 3.500000 6.290000
7.500000 3.500000 6.366000
8.500000 3.500000 6.144000
9.500000 3.500000 6.176000
10.500000 3.500000 6.401000
11.500000 3.500000 6.318000
12.500000 3.500000 6.176000
13.500000 3.500000 6.052000
14.500000 3.500000 6.288000
15.500000 3.500000 6.409000
16.500000 3.500000 6.141000
17.500000 3.500000 6.223000
18.500000 3.500000 6.276000
19.500000 3.500000 6.493000
20.500000 3.500000 6.548000
21.500000 3.500000 6.553000
22.500000 3.500000 6.518000
23.500000 3.500000 6.513000
24.500000 3.500000 6.588000
25.500000 3.500000 6.459000
26.500000 3.500000 6.667000
27.500000 3.500000 6.747000
28.500000 3.500000 6.670000
29.500000 3.500000 6.620000
30.500000 3.500000 6.607000
31.500000 3.500000 6.421000
32.500000 3.500000 6.324000
33.500000 3.500000 6.435000
34.500000 3.500000 6.487000
35.500000 3.500000 6.501000
36.500000 3.500000 6.648000
37.500000 3.500000 6.777000
38.500000 3.500000 6.463000
39.500000 3.500000 6.515000
40.500000 3.500000 6.571000
41.500000 3.500000 6.398000
42.500000 3.500000 6.524000
43.500000 3.500000 6.382000
44.500000 3.500000 6.410000
45.500000 3.500000 6.223000
46.500000 3.500000 6.118000
47.500000 3.500000 6.321000
48.500000 3.500000 6.454000
49.500000 3.500000 6.159000
50.500000 3.500000 6.401000
51.500000 3.500000 6.181000

0.500000 4.500000 6.005000
1.500000 4.500000 6.081000
2.500000 4.500000 6.045000
3.500000 4.500000 6.290000
4.500000 4.500000 6.157000
5.500000 4.500000 6.067000
6.500000 4.500000 5.694000
7.500000 4.500000 5.950000
8.500000 4.500000 5.859000
9.500000 4.500000 5.899000
10.500000 4.500000 5.974000
11.500000 4.500000 5.829000
12.500000 4.500000 5.812000
13.500000 4.500000 5.832000
14.500000 4.500000 5.945000
15.500000 4.500000 6.041000
16.500000 4.500000 5.980000
17.500000 4.500000 6.006000
18.500000 4.500000 6.339000
19.500000 4.500000 6.051000
20.500000 4.500000 6.115000
21.500000 4.500000 6.224000
22.500000 4.500000 5.924000
23.500000 4.500000 5.892000
24.500000 4.500000 6.154000
25.500000 4.500000 5.985000
26.500000 4.500000 6.158000
27.500000 4.500000 6.253000
28.500000 4.500000 6.242000
29.500000 4.500000 6.363000
30.500000 4.500000 6.169000
31.500000 4.500000 6.226000
32.500000 4.500000 6.260000
33.500000 4.500000 6.226000
34.500000 4.500000 6.157000
35.500000 4.500000 6.294000
36.500000 4.500000 6.284000
37.500000 4.500000 6.152000
38.500000 4.500000 6.292000
39.500000 4.500000 5.970000
40.500000 4.500000 6.089000
41.500000 4.500000 6.133000
42.500000 4.500000 6.302000
43.500000 4.500000 5.909000
44.500000 4.500000 5.844000
45.500000 4.500000 5.762000
46.500000 4.500000 5.740000
47.500000 4.500000 5.907000
48.500000 4.500000 5.950000
49.500000 4.500000 5.877000
50.500000 4.500000 6.182000
51.500000 4.500000 6.097000

0.500000 5.500000 5.886000
1.500000 5.500000 5.719000
2.500000 5.500000 5.627000
3.500000 5.500000 5.718000
4.500000 5.500000 5.793000
5.500000 5.500000 5.826000
6.500000 5.500000 5.615000
7.500000 5.500000 5.582000
8.500000 5.500000 5.595000
9.500000 5.500000 5.476000
10.500000 5.500000 5.542000
11.500000 5.500000 5.615000
12.500000 5.500000 5.900000
13.500000 5.500000 5.599000
14.500000 5.500000 5.501000
15.500000 5.500000 5.786000
16.500000 5.500000 5.646000
17.500000 5.500000 5.552000
18.500000 5.500000 5.783000
19.500000 5.500000 5.710000
20.500000 5.500000 5.549000
21.500000 5.500000 5.798000
22.500000 5.500000 5.976000
23.500000 5.500000 5.612000
24.500000 5.500000 5.681000
25.500000 5.500000 5.553000
26.500000 5.500000 5.860000
27.500000 5.500000 5.782000
28.500000 5.500000 5.985000
29.500000 5.500000 6.183000
30.500000 5.500000 5.971000
31.500000 5.500000 5.879000
32.500000 5.500000 5.947000
33.500000 5.500000 6.021000
34.500000 5.500000 6.072000
35.500000 5.500000 5.913000
36.500000 5.500000 5.828000
37.500000 5.500000 5.942000
38.500000 5.500000 5.922000
39.500000 5.500000 5.892000
40.500000 5.500000 5.932000
41.500000 5.500000 5.961000
42.500000 5.500000 5.758000
43.500000 5.500000 5.741000
44.500000 5.500000 5.900000
45.500000 5.500000 5.550000
46.500000 5.500000 5.600000
47.500000 5.500000 5.645000
48.500000 5.500000 5.503000
49.500000 5.500000 5.589000
50.500000 5.500000 5.663000
51.500000 5.500000 5.706000

0.500000 6.500000 5.627000
1.500000 6.500000 5.403000
2.500000 6.500000 5.775000
3.500000 6.500000 5.742000
4.500000 6.500000 5.574000
5.500000 6.500000 5.545000
6.500000 6.500000 5.502000
7.500000 6.500000 5.415000
8.500000 6.500000 5.465000
9.500000 6.500000 5.320000
10.500000 6.500000 5.538000
11.500000 6.500000 5.537000
12.500000 6.500000 5.505000
13.500000 6.500000 5.461000
14.500000 6.500000 5.394000
15.500000 6.500000 5.635000
16.500000 6.500000 5.447000
17.500000 6.500000 5.420000
18.500000 6.500000 5.517000
19.500000 6.500000 5.527000
20.500000 6.500000 5.480000
21.500000 6.500000 5.407000
22.500000 6.500000 5.609000
23.500000 6.500000 5.646000
24.500000 6.500000 5.449000
25.500000 6.500000 5.519000
26.500000 6.500000 5.791000
27.500000 6.500000 5.683000
28.500000 6.500000 5.747000
29.500000 6.500000 5.807000
30.500000 6.500000 5.547000
31.500000 6.500000 5.474000
32.500000 6.500000 5.647000
33.500000 6.500000 5.839000
34.500000 6.500000 5.620000
35.500000 6.500000 5.559000
36.500000 6.500000 5.523000
37.500000 6.500000 5.715000
38.500000 6.500000 5.563000
39.500000 6.500000 5.671000
40.500000 6.500000 5.708000
41.500000 6.500000 5.713000
42.500000 6.500000 5.419000
43.500000 6.500000 5.390000
44.500000 6.500000 5.593000
45.500000 6.500000 5.450000
46.500000 6.500000 5.265000
47.500000 6.500000 5.383000
48.500000 6.500000 5.365000
49.500000 6.500000 5.219000
50.500000 6.500000 5.352000
51.500000 6.500000 5.472000

0.500000 7.500000 5.362000
1.500000 7.500000 5.434000
2.500000 7.500000 5.352000
3.500000 7.500000 5.390000
4.500000 7.500000 5.351000
5.500000 7.500000 5.214000
6.500000 7.500000 5.343000
7.500000 7.500000 5.293000
8.500000 7.500000 5.493000
9.500000 7.500000 5.295000
10.500000 7.500000 5.427000
11.500000 7.500000 5.243000
12.500000 7.500000 5.345000
13.500000 7.500000 5.251000
14.500000 7.500000 5.221000
15.500000 7.500000 5.392000
16.500000 7.500000 5.396000
17.500000 7.500000 5.518000
18.500000 7.500000 5.563000
19.500000 7.500000 5.412000
20.500000 7.500000 5.287000
21.500000 7.500000 5.376000
22.500000 7.500000 5.171000
23.500000 7.500000 5.319000
24.500000 7.500000 5.157000
25.500000 7.500000 5.283000
26.500000 7.500000 5.368000
27.500000 7.500000 5.264000
28.500000 7.500000 5.369000
29.500000 7.500000 5.295000
30.500000 7.500000 5.320000
31.500000 7.500000 5.461000
32.500000 7.500000 5.532000
33.500000 7.500000 5.406000
34.500000 7.500000 5.589000
35.500000 7.500000 5.387000
36.500000 7.500000 5.375000
37.500000 7.500000 5.354000
38.500000 7.500000 5.345000
39.500000 7.500000 5.352000
40.500000 7.500000 5.541000
41.500000 7.500000 5.468000
42.500000 7.500000 5.509000
43.500000 7.500000 5.549000
44.500000 7.500000 5.194000
45.500000 7.500000 5.224000
46.500000 7.500000 5.381000
47.500000 7.500000 5.398000
48.500000 7.500000 5.159000
49.500000 7.500000 5.161000
50.500000 7.500000 5.228000
51.500000 7.500000 5.442000

0.500000 8.500000 5.054000
1.500000 8.500000 5.116000
2.500000 8.500000 5.335000
3.500000 8.500000 5.241000
4.500000 8.500000 5.020000
5.500000 8.500000 5.071000
6.500000 8.500000 5.094000
7.500000 8.500000 5.197000
8.500000 8.500000 5.392000
9.500000 8.500000 5.131000
10.500000 8.500000 5.177000
11.500000 8.500000 5.244000
12.500000 8.500000 5.073000
13.500000 8.500000 5.243000
14.500000 8.500000 5.190000
15.500000 8.500000 5.204000
16.500000 8.500000 5.166000
17.500000 8.500000 5.097000
18.500000 8.500000 5.242000
19.500000 8.500000 5.413000
20.500000 8.500000 5.371000
21.500000 8.500000 5.113000
22.500000 8.500000 5.109000
23.500000 8.500000 5.012000
24.500000 8.500000 5.094000
25.500000 8.500000 5.193000
26.500000 8.500000 5.165000
27.500000 8.500000 5.204000
28.500000 8.500000 4.975000
29.500000 8.500000 5.115000
30.500000 8.500000 5.173000
31.500000 8.500000 5.049000
32.500000 8.500000 5.244000
33.500000 8.500000 5.232000
34.500000 8.500000 5.164000
35.500000 8.500000 5.380000
36.500000 8.500000 5.298000
37.500000 8.500000 5.132000
38.500000 8.500000 5.233000
39.500000 8.500000 4.989000
40.500000 8.500000 5.123000
41.500000 8.500000 5.076000
42.500000 8.500000 5.137000
43.500000 8.500000 5.211000
44.500000 8.500000 5.275000
45.500000 8.500000 5.253000
46.500000 8.500000 5.133000
47.500000 8.500000 5.005000
48.500000 8.500000 4.960000
49.500000 8.500000 4.928000
50.500000 8.500000 5.057000
51.500000 8.500000 4.896000

0.500000 9.500000 4.721000
1.500000 9.500000 4.915000
2.500000 9.500000 5.016000
3.500000 9.500000 5.183000
4.500000 9.500000 4.905000
5.500000 9.500000 4.994000
6.500000 9.500000 4.960000
7.500000 9.500000 5.069000
8.500000 9.500000 5.155000
9.500000 9.500000 5.017000
10.500000 9.500000 4.955000
11.500000 9.500000 4.918000
12.500000 9.500000 5.014000
13.500000 9.500000 5.081000
14.500000 9.500000 5.234000
15.500000 9.500000 5.045000
16.500000 9.500000 4.949000
17.500000 9.500000 4.879000
18.500000 9.500000 5.118000
19.500000 9.500000 5.219000
20.500000 9.500000 5.045000
21.500000 9.500000 4.942000
22.500000 9.500000 4.958000
23.500000 9.500000 5.134000
24.500000 9.500000 4.852000
25.500000 9.500000 5.117000
26.500000 9.500000 5.039000
27.500000 9.500000 5.102000
28.500000 9.500000 5.060000
29.500000 9.500000 5.145000
30.500000 9.500000 5.227000
31.500000 9.500000 5.242000
32.500000 9.500000 5.237000
33.500000 9.500000 5.222000
34.500000 9.500000 4.975000
35.500000 9.500000 5.020000
36.500000 9.500000 5.179000
37.500000 9.500000 5.086000
38.500000 9.500000 4.990000
39.500000 9.500000 4.826000
40.500000 9.500000 5.096000
41.500000 9.500000 5.126000
42.500000 9.500000 5.050000
43.500000 9.500000 5.090000
44.500000 9.500000 5.186000
45.500000 9.500000 5.012000
46.500000 9.500000 4.803000
47.500000 9.500000 4.711000
48.500000 9.500000 5.005000
49.500000 9.500000 4.828000
50.500000 9.500000 4.855000
51.500000 9.500000 4.889000

0.500000 10.500000 4.882000
1.500000 10.500000 4.999000
2.500000 10.500000 4.826000
3.500000 10.500000 5.001000
4.500000 10.500000 4.924000
5.500000 10.500000 4.886000
6.500000 10.500000 4.908000
7.500000 10.500000 4.916000
8.500000 10.500000 4.892000
9.500000 10.500000 5.006000
10.500000 10.500000 4.997000
11.500000 10.500000 4.801000
12.500000 10.500000 4.851000
13.500000 10.500000 4.895000
14.500000 10.500000 4.851000
15.500000 10.500000 4.891000
16.500000 10.500000 4.912000
17.500000 10.500000 5.026000
18.500000 10.500000 4.926000
19.500000 10.500000 4.849000
20.500000 10.500000 4.836000
21.500000 10.500000 4.979000
22.500000 10.500000 5.028000
23.500000 10.500000 5.044000
24.500000 10.500000 4.919000
25.500000 10.500000 4.891000
26.500000 10.500000 5.022000
27.500000 10.500000 5.081000
28.500000 10.500000 4.872000
29.500000 10.500000 5.038000
30.500000 10.500000 5.232000
31.500000 10.500000 5.145000
32.500000 10.500000 4.963000
33.500000 10.500000 4.941000
34.500000 10.500000 5.072000
35.500000 10.500000 5.051000
36.500000 10.500000 4.949000
37.500000 10.500000 4.935000
38.500000 10.500000 4.897000
39.500000 10.500000 4.879000
40.500000 10.500000 4.804000
41.500000 10.500000 4.772000
42.500000 10.500000 4.713000
43.500000 10.500000 5.143000
44.500000 10.500000 4.946000
45.500000 10.500000 4.986000
46.500000 10.500000 4.775000
47.500000 10.500000 4.757000
48.500000 10.500000 4.564000
49.500000 10.500000 4.704000
50.500000 10.500000 4.821000
51.500000 10.500000 4.800000

0.500000 11.500000 4.680000
1.500000 11.500000 4.741000
2.500000 11.500000 4.976000
3.500000 11.500000 4.930000
4.500000 11.500000 4.864000
5.500000 11.500000 4.464000
6.500000 11.500000 4.709000
7.500000 11.500000 4.772000
8.500000 11.500000 4.857000
9.500000 11.500000 4.755000
10.500000 11.500000 4.707000
11.500000 11.500000 4.653000
12.500000 11.500000 4.637000
13.500000 11.500000 4.720000
14.500000 11.500000 4.673000
15.500000 11.500000 4.685000
16.500000 11.500000 4.788000
17.500000 11.500000 4.769000
18.500000 11.500000 4.613000
19.500000 11.500000 4.814000
20.500000 11.500000 4.835000
21.500000 11.500000 4.749000
22.500000 11.500000 4.752000
23.500000 11.500000 4.914000
24.500000 11.500000 4.927000
25.500000 11.500000 4.842000
26.500000 11.500000 4.787000
27.500000 11.500000 5.021000
28.500000 11.500000 5.004000
29.500000 11.500000 4.965000
30.500000 11.500000 5.233000
31.500000 11.500000 5.091000
32.500000 11.500000 4.815000
33.500000 11.500000 4.925000
34.500000 11.500000 4.883000
35.500000 11.500000 4.960000
36.500000 11.500000 4.754000
37.500000 11.500000 4.868000
38.500000 11.500000 4.730000
39.500000 11.500000 4.655000
40.500000 11.500000 4.687000
41.500000 11.500000 4.868000
42.500000 11.500000 4.791000
43.500000 11.500000 4.853000
44.500000 11.500000 4.881000
45.500000 11.500000 4.793000
46.500000 11.500000 4.764000
47.500000 11.500000 4.864000
48.500000 11.500000 4.671000
49.500000 11.500000 4.667000
50.500000 11.500000 4.694000
51.500000 11.500000 4.732000

0.500000 12.500000 4.784000
1.500000 12.500000 4.779000
2.500000 12.500000 4.830000
3.500000 12.500000 4.602000
4.500000 12.500000 4.611000
5.500000 12.500000 4.679000
6.500000 12.500000 4.529000
7.500000 12.500000 4.436000
8.500000 12.500000 4.534000
9.500000 12.500000 4.688000
10.500000 12.500000 4.549000
11.500000 12.500000 4.659000
12.500000 12.500000 4.519000
13.500000 12.500000 4.493000
14.500000 12.500000 4.608000
15.500000 12.500000 4.518000
16.500000 12.500000 4.664000
17.500000 12.500000 4.626000
18.500000 12.500000 4.455000
19.500000 12.500000 4.726000
20.500000 12.500000 4.455000
21.500000 12.500000 4.665000
22.500000 12.500000 4.691000
23.500000 12.500000 4.717000
24.500000 12.500000 4.902000
25.500000 12.500000 4.819000
26.500000 12.500000 4.820000
27.500000 12.500000 4.701000
28.500000 12.500000 4.742000
29.500000 12.500000 4.925000
30.500000 12.500000 4.728000
31.500000 12.500000 4.841000
32.500000 12.500000 4.809000
33.500000 12.500000 4.789000
34.500000 12.500000 4.638000
35.500000 12.500000 4.634000
36.500000 12.500000 4.677000
37.500000 12.500000 4.803000
38.500000 12.500000 4.715000
39.500000 12.500000 4.696000
40.500000 12.500000 4.674000
41.500000 12.500000 4.808000
42.500000 12.500000 4.713000
43.500000 12.500000 4.723000
44.500000 12.500000 4.570000
45.500000 12.500000 4.812000
46.500000 12.500000 4.672000
47.500000 12.500000 4.736000
48.500000 12.500000 4.659000
49.500000 12.500000 4.522000
50.500000 12.500000 4.618000
51.500000 12.500000 4.734000

0.500000 13.500000 4.416000
1.500000 13.500000 4.604000
2.500000 13.500000 4.494000
3.500000 13.500000 4.630000
4.500000 13.500000 4.646000
5.500000 13.500000 4.511000
6.500000 13.500000 4.547000
7.500000 13.500000 4.545000
8.500000 13.500000 4.520000
9.500000 13.500000 4.458000
10.500000 13.500000 4.491000
11.500000 13.500000 4.458000
12.500000 13.500000 4.467000
13.500000 13.500000 4.598000
14.500000 13.500000 4.393000
15.500000 13.500000 4.420000
16.500000 13.500000 4.461000
17.500000 13.500000 4.536000
18.500000 13.500000 4.409000
19.500000 13.500000 4.700000
20.500000 13.500000 4.675000
21.500000 13.500000 4.466000
22.500000 13.500000 4.769000
23.500000 13.500000 4.517000
24.500000 13.500000 4.635000
25.500000 13.500000 4.645000
26.500000 13.500000 4.586000
27.500000 13.500000 4.697000
28.500000 13.500000 4.687000
29.500000 13.500000 4.543000
30.500000 13.500000 4.506000
31.500000 13.500000 4.703000
32.500000 13.500000 4.691000
33.500000 13.500000 4.584000
34.500000 13.500000 4.623000
35.500000 13.500000 4.556000
36.500000 13.500000 4.538000
37.500000 13.500000 4.667000
38.500000 13.500000 4.713000
39.500000 13.500000 4.480000
40.500000 13.500000 4.467000
41.500000 13.500000 4.451000
42.500000 13.500000 4.649000
43.500000 13.500000 4.503000
44.500000 13.500000 4.585000
45.500000 13.500000 4.621000
46.500000 13.500000 4.478000
47.500000 13.500000 4.509000
48.500000 13.500000 4.613000
49.500000 13.500000 4.394000
50.500000 13.500000 4.450000
51.500000 13.500000 4.654000

0.500000 14.500000 4.581000
1.500000 14.500000 4.644000
2.500000 14.500000 4.343000
3.500000 14.500000 4.552000
4.500000 14.500000 4.631000
5.500000 14.500000 4.524000
6.500000 14.500000 4.360000
7.500000 14.500000 4.442000
8.500000 14.500000 4.615000
9.500000 14.500000 4.316000
10.500000 14.500000 4.385000
11.500000 14.500000 4.390000
12.500000 14.500000 4.560000
13.500000 14.500000 4.395000
14.500000 14.500000 4.606000
15.500000 14.500000 4.583000
16.500000 14.500000 4.457000
17.500000 14.500000 4.369000
18.500000 14.500000 4.394000
19.500000 14.500000 4.513000
20.500000 14.500000 4.564000
21.500000 14.500000 4.471000
22.500000 14.500000 4.767000
23.500000 14.500000 4.522000
24.500000 14.500000 4.635000
25.500000 14.500000 4.420000
26.500000 14.500000 4.607000
27.500000 14.500000 4.574000
28.500000 14.500000 4.416000
29.500000 14.500000 4.586000
30.500000 14.500000 4.646000
31.500000 14.500000 4.646000
32.500000 14.500000 4.622000
33.500000 14.500000 4.550000
34.500000 14.500000 4.362000
35.500000 14.500000 4.502000
36.500000 14.500000 4.431000
37.500000 14.500000 4.402000
38.500000 14.500000 4.362000
39.500000 14.500000 4.424000
40.500000 14.500000 4.349000
41.500000 14.500000 4.563000
42.500000 14.500000 4.532000
43.500000 14.500000 4.490000
44.500000 14.500000 4.471000
45.500000 14.500000 4.710000
46.500000 14.500000 4.467000
47.500000 14.500000 4.439000
48.500000 14.500000 4.557000
49.500000 14.500000 4.556000
50.500000 14.500000 4.442000
51.500000 14.500000 4.507000

0.500000 15.500000 4.397000
1.500000 15.500000 4.427000
2.500000 15.500000 4.260000
3.500000 15.500000 4.338000
4.500000 15.500000 4.341000
5.500000 15.500000 4.486000
6.500000 15.500000 4.368000
7.500000 15.500000 4.338000
8.500000 15.500000 4.354000
9.500000 15.500000 4.477000
10.500000 15.500000 4.286000
11.500000 15.500000 4.370000
12.500000 15.500000 4.348000
13.500000 15.500000 4.576000
14.500000 15.500000 4.460000
15.500000 15.500000 4.515000
16.500000 15.500000 4.421000
17.500000 15.500000 4.370000
18.500000 15.500000 4.373000
19.500000 15.500000 4.523000
20.500000 15.500000 4.453000
21.500000 15.500000 4.438000
22.500000 15.500000 4.502000
23.500000 15.500000 4.628000
24.500000 15.500000 4.426000
25.500000 15.500000 4.346000
26.500000 15.500000 4.376000
27.500000 15.500000 4.525000
28.500000 15.500000 4.441000
29.500000 15.500000 4.544000
30.500000 15.500000 4.573000
31.500000 15.500000 4.618000
32.500000 15.500000 4.624000
33.500000 15.500000 4.367000
34.500000 15.500000 4.516000
35.500000 15.500000 4.608000
36.500000 15.500000 4.553000
37.500000 15.500000 4.437000
38.500000 15.500000 4.516000
39.500000 15.500000 4.452000
40.500000 15.500000 4.367000
41.500000 15.500000 4.469000
42.500000 15.500000 4.404000
43.500000 15.500000 4.509000
44.500000 15.500000 4.523000
45.500000 15.500000 4.587000
46.500000 15.500000 4.470000
47.500000 15.500000 4.403000
48.500000 15.500000 4.454000
49.500000 15.500000 4.380000
50.500000 15.500000 4.333000
51.500000 15.500000 4.329000

0.500000 16.500000 4.259000
1.500000 16.500000 4.208000
2.500000 16.500000 4.366000
3.500000 16.500000 4.203000
4.500000 16.500000 4.200000
5.500000 16.500000 4.297000
6.500000 16.500000 4.248000
7.500000 16.500000 4.378000
8.500000 16.500000 4.244000
9.500000 16.500000 4.467000
10.500000 16.500000 4.280000
11.500000 16.500000 4.321000
12.500000 16.500000 4.263000
13.500000 16.500000 4.348000
14.500000 16.500000 4.285000
15.500000 16.500000 4.334000
16.500000 16.500000 4.264000
17.500000 16.500000 4.194000
18.500000 16.500000 4.356000
19.500000 16.500000 4.275000
20.500000 16.500000 4.236000
21.500000 16.500000 4.299000
22.500000 16.500000 4.402000
23.500000 16.500000 4.384000
24.500000 16.500000 4.413000
25.500000 16.500000 4.279000
26.500000 16.500000 4.301000
27.500000 16.500000 4.242000
28.500000 16.500000 4.269000
29.500000 16.500000 4.428000
30.500000 16.500000 4.607000
31.500000 16.500000 4.322000
32.500000 16.500000 4.324000
33.500000 16.500000 4.306000
34.500000 16.500000 4.289000
35.500000 16.500000 4.376000
36.500000 16.500000 4.460000
37.500000 16.500000 4.597000
38.500000 16.500000 4.339000
39.500000 16.500000 4.409000
40.500000 16.500000 4.370000
41.500000 16.500000 4.291000
42.500000 16.500000 4.289000
43.500000 16.500000 4.425000
44.500000 16.500000 4.573000
45.500000 16.500000 4.327000
46.500000 16.500000 4.386000
47.500000 16.500000 4.126000
48.500000 16.500000 4.390000
49.500000 16.500000 4.323000
50.500000 16.500000 4.250000
51.500000 16.500000 4.184000

0.500000 17.500000 4.186000
1.500000 17.500000 4.197000
2.500000 17.500000 4.123000
3.500000 17.500000 4.159000
4.500000 17.500000 4.207000
5.500000 17.500000 4.082000
6.500000 17.500000 4.214000
7.500000 17.500000 4.231000
8.500000 17.500000 4.248000
9.500000 17.500000 4.358000
10.500000 17.500000 4.299000
11.500000 17.500000 4.309000
12.500000 17.500000 4.306000
13.500000 17.500000 4.287000
14.500000 17.500000 4.366000
15.500000 17.500000 4.256000
16.500000 17.500000 4.186000
17.500000 17.500000 4.295000
18.500000 17.500000 4.223000
19.500000 17.500000 4.135000
20.500000 17.500000 4.213000
21.500000 17.500000 4.304000
22.500000 17.500000 4.298000
23.500000 17.500000 4.200000
24.500000 17.500000 4.317000
25.500000 17.500000 4.192000
26.500000 17.500000 4.310000
27.500000 17.500000 4.279000
28.500000 17.500000 4.316000
29.500000 17.500000 4.200000
30.500000 17.500000 4.346000
31.500000 17.500000 4.317000
32.500000 17.500000 4.235000
33.500000 17.500000 4.307000
34.500000 17.500000 4.284000
35.500000 17.500000 4.278000
36.500000 17.500000 4.384000
37.500000 17.500000 4.425000
38.500000 17.500000 4.346000
39.500000 17.500000 4.212000
40.500000 17.500000 4.400000
41.500000 17.500000 4.344000
42.500000 17.500000 4.259000
43.500000 17.500000 4.223000
44.500000 17.500000 4.392000
45.500000 17.500000 4.226000
46.500000 17.500000 4.250000
47.500000 17.500000 4.157000
48.500000 17.500000 4.162000
49.500000 17.500000 4.053000
50.500000 17.500000 4.175000
51.500000 17.500000 4.163000

0.500000 18.500000 4.226000
1.500000 18.500000 4.096000
2.500000 18.500000 4.015000
3.500000 18.500000 4.116000
4.500000 18.500000 4.142000
5.500000 18.500000 4.297000
6.500000 18.500000 4.204000
7.500000 18.500000 4.119000
8.500000 18.500000 4.237000
9.500000 18.500000 4.206000
10.500000 18.500000 4.083000
11.500000 18.500000 4.339000
12.500000 18.500000 4.125000
13.500000 18.500000 4.181000
14.500000 18.500000 4.333000
15.500000 18.500000 4.228000
16.500000 18.500000 4.045000
17.500000 18.500000 4.214000
18.500000 18.500000 4.170000
19.500000 18.500000 4.076000
20.500000 18.500000 4.104000
21.500000 18.500000 4.171000
22.500000 18.500000 4.285000
23.500000 18.500000 4.258000
24.500000 18.500000 4.238000
25.500000 18.500000 4.178000
26.500000 18.500000 4.170000
27.500000 18.500000 4.353000
28.500000 18.500000 4.373000
29.500000 18.500000 4.344000
30.500000 18.500000 4.245000
31.500000 18.500000 4.274000
32.500000 18.500000 4.265000
33.500000 18.500000 4.395000
34.500000 18.500000 4.197000
35.500000 18.500000 4.303000
36.500000 18.500000 4.278000
37.500000 18.500000 4.209000
38.500000 18.500000 4.072000
39.500000 18.500000 4.126000
40.500000 18.500000 4.235000
41.500000 18.500000 4.190000
42.500000 18.500000 4.304000
43.500000 18.500000 4.270000
44.500000 18.500000 4.155000
45.500000 18.500000 4.237000
46.500000 18.500000 4.098000
47.500000 18.500000 4.078000
48.500000 18.500000 4.039000
49.500000 18.500000 4.009000
50.500000 18.500000 4.162000
51.500000 18.500000 4.251000

0.500000 19.500000 4.123000
1.500000 19.500000 4.053000
2.500000 19.500000 4.078000
3.500000 19.500000 4.075000
4.500000 19.500000 4.177000
5.500000 19.500000 4.077000
6.500000 19.500000 3.992000
7.500000 19.500000 4.140000
8.500000 19.500000 4.146000
9.500000 19.500000 4.186000
10.500000 19.500000 4.287000
11.500000 19.500000 4.390000
12.500000 19.500000 4.332000
13.500000 19.500000 4.314000
14.500000 19.500000 4.149000
15.500000 19.500000 4.163000
16.500000 19.500000 4.139000
17.500000 19.500000 4.180000
18.500000 19.500000 3.964000
19.500000 19.500000 3.995000
20.500000 19.500000 4.188000
21.500000 19.500000 4.138000
22.500000 19.500000 4.242000
23.500000 19.500000 4.164000
24.500000 19.500000 4.134000
25.500000 19.500000 4.242000
26.500000 19.500000 4.109000
27.500000 19.500000 4.100000
28.500000 19.500000 4.101000
29.500000 19.500000 4.071000
30.500000 19.500000 4.201000
31.500000 19.500000 4.138000
32.500000 19.500000 4.117000
33.500000 19.500000 4.232000
34.500000 19.500000 4.169000
35.500000 19.500000 4.175000
36.500000 19.500000 4.240000
37.500000 19.500000 4.135000
38.500000 19.500000 4.148000
39.500000 19.500000 4.129000
40.500000 19.500000 4.085000
41.500000 19.500000 4.047000
42.500000 19.500000 4.083000
43.500000 19.500000 4.024000
44.500000 19.500000 4.104000
45.500000 19.500000 4.201000
46.500000 19.500000 4.200000
47.500000 19.500000 4.060000
48.500000 19.500000 4.247000
49.500000 19.500000 4.085000
50.500000 19.500000 4.066000
51.500000 19.500000 4.071000

0.500000 20.500000 4.145000
1.500000 20.500000 4.183000
2.500000 20.500000 4.013000
3.500000 20.500000 3.970000
4.500000 20.500000 4.014000
5.500000 20.500000 4.022000
6.500000 20.500000 4.118000
7.500000 20.500000 4.053000
8.500000 20.500000 4.013000
9.500000 20.500000 4.120000
10.500000 20.500000 4.085000
11.500000 20.500000 4.139000
12.500000 20.500000 4.010000
13.500000 20.500000 4.139000
14.500000 20.500000 3.999000
15.500000 20.500000 4.119000
16.500000 20.500000 4.066000
17.500000 20.500000 4.038000
18.500000 20.500000 4.011000
19.500000 20.500000 3.995000
20.500000 20.500000 4.065000
21.500000 20.500000 4.108000
22.500000 20.500000 3.948000
23.500000 20.500000 4.127000
24.500000 20.500000 4.107000
25.500000 20.500000 4.092000
26.500000 20.500000 3.988000
27.500000 20.500000 4.125000
28.500000 20.500000 4.040000
29.500000 20.500000 4.082000
30.500000 20.500000 3.984000
31.500000 20.500000 3.983000
32.500000 20.500000 3.992000
33.500000 20.500000 4.055000
34.500000 20.500000 4.063000
35.500000 20.500000 4.031000
36.500000 20.500000 4.050000
37.500000 20.500000 4.006000
38.500000 20.500000 4.102000
39.500000 20.500000 4.144000
40.500000 20.500000 4.131000
41.500000 20.500000 4.061000
42.500000 20.500000 3.994000
43.500000 20.500000 3.988000
44.500000 20.500000 4.049000
45.500000 20.500000 4.146000
46.500000 20.500000 4.263000
47.500000 20.500000 4.097000
48.500000 20.500000 4.219000
49.500000 20.500000 4.086000
50.500000 20.500000 4.098000
51.500000 20.500000 3.984000

0.500000 21.500000 3.990000
1.500000 21.500000 4.116000
2.500000 21.500000 4.123000
3.500000 21.500000 3.885000
4.500000 21.500000 3.982000
5.500000 21.500000 4.121000
6.500000 21.500000 4.084000
7.500000 21.500000 4.008000
8.500000 21.500000 4.020000
9.500000 21.500000 4.094000
10.500000 21.500000 4.112000
11.500000 21.500000 4.020000
12.500000 21.500000 4.062000
13.500000 21.500000 4.064000
14.500000 21.500000 4.002000
15.500000 21.500000 3.948000
16.500000 21.500000 4.163000
17.500000 21.500000 4.085000
18.500000 21.500000 3.899000
19.500000 21.500000 4.028000
20.500000 21.500000 3.959000
21.500000 21.500000 4.028000
22.500000 21.500000 3.815000
23.500000 21.500000 3.959000
24.500000 21.500000 3.871000
25.500000 21.500000 4.010000
26.500000 21.500000 4.172000
27.500000 21.500000 3.993000
28.500000 21.500000 4.081000
29.500000 21.500000 3.990000
30.500000 21.500000 3.951000
31.500000 21.500000 4.064000
32.500000 21.500000 3.986000
33.500000 21.500000 3.897000
34.500000 21.500000 3.937000
35.500000 21.500000 4.061000
36.500000 21.500000 3.987000
37.500000 21.500000 3.949000
38.500000 21.500000 3.873000
39.500000 21.500000 4.110000
40.500000 21.500000 3.959000
41.500000 21.500000 4.011000
42.500000 21.500000 4.124000
43.500000 21.500000 3.930000
44.500000 21.500000 4.178000
45.500000 21.500000 4.196000
46.500000 21.500000 4.020000
47.500000 21.500000 4.023000
48.500000 21.500000 4.087000
49.500000 21.500000 4.089000
50.500000 21.500000 4.246000
51.500000 21.500000 4.222000

0.500000 22.500000 3.994000
1.500000 22.500000 4.100000
2.500000 22.500000 4.029000
3.500000 22.500000 3.813000
4.500000 22.500000 4.104000
5.500000 22.500000 4.055000
6.500000 22.500000 3.939000
7.500000 22.500000 3.958000
8.500000 22.500000 3.957000
9.500000 22.500000 3.926000
10.500000 22.500000 4.104000
11.500000 22.500000 4.082000
12.500000 22.500000 3.984000
13.500000 22.500000 4.123000
14.500000 22.500000 4.049000
15.500000 22.500000 4.003000
16.500000 22.500000 4.038000
17.500000 22.500000 3.912000
18.500000 22.500000 3.988000
19.500000 22.500000 4.098000
20.500000 22.500000 4.072000
21.500000 22.500000 3.979000
22.500000 22.500000 3.999000
23.500000 22.500000 4.002000
24.500000 22.500000 3.914000
25.500000 22.500000 3.998000
26.500000 22.500000 4.112000
27.500000 22.500000 3.995000
28.500000 22.500000 4.038000
29.500000 22.500000 4.033000
30.500000 22.500000 3.949000
31.500000 22.500000 4.011000
32.500000 22.500000 4.035000
33.500000 22.500000 3.809000
34.500000 22.500000 3.821000
35.500000 22.500000 3.939000
36.500000 22.500000 4.056000
37.500000 22.500000 4.053000
38.500000 22.500000 4.048000
39.500000 22.500000 4.019000
40.500000 22.500000 3.987000
41.500000 22.500000 4.068000
42.500000 22.500000 3.976000
43.500000 22.500000 4.022000
44.500000 22.500000 3.994000
45.500000 22.500000 4.114000
46.500000 22.500000 4.075000
47.500000 22.500000 3.987000
48.500000 22.500000 3.977000
49.500000 22.500000 4.098000
50.500000 22.500000 4.116000
51.500000 22.500000 4.223000

0.500000 23.500000 3.976000
1.500000 23.500000 4.073000
2.500000 23.500000 4.054000
3.500000 23.500000 4.075000
4.500000 23.500000 4.002000
5.500000 23.500000 3.837000
6.500000 23.500000 3.927000
7.500000 23.500000 3.997000
8.500000 23.500000 4.035000
9.500000 23.500000 4.079000
10.500000 23.500000 4.069000
11.500000 23.500000 3.957000
12.500000 23.500000 3.996000
13.500000 23.500000 4.054000
14.500000 23.500000 3.926000
15.500000 23.500000 3.993000
16.500000 23.500000 4.127000
17.500000 23.500000 3.962000
18.500000 23.500000 4.065000
19.500000 23.500000 4.026000
20.500000 23.500000 4.068000
21.500000 23.500000 4.006000
22.500000 23.500000 4.002000
23.500000 23.500000 4.038000
24.500000 23.500000 4.065000
25.500000 23.500000 4.208000
26.500000 23.500000 4.202000
27.500000 23.500000 4.033000
28.500000 23.500000 4.024000
29.500000 23.500000 3.997000
30.500000 23.500000 3.757000
31.500000 23.500000 3.892000
32.500000 23.500000 3.942000
33.500000 23.500000 4.029000
34.500000 23.500000 4.088000
35.500000 23.500000 4.179000
36.500000 23.500000 4.003000
37.500000 23.500000 3.904000
38.500000 23.500000 4.112000
39.500000 23.500000 3.996000
40.500000 23.500000 4.000000
41.500000 23.500000 4.038000
42.500000 23.500000 4.011000
43.500000 23.500000 4.085000
44.500000 23.500000 4.015000
45.500000 23.500000 4.153000
46.500000 23.500000 4.017000
47.500000 23.500000 4.051000
48.500000 23.500000 4.135000
49.500000 23.500000 4.014000
50.500000 23.500000 4.006000
51.500000 23.500000 4.098000

0.500000 24.500000 3.964000
1.500000 24.500000 3.990000
2.500000 24.500000 3.963000
3.500000 24.500000 3.969000
4.500000 24.500000 4.072000
5.500000 24.500000 3.885000
6.500000 24.500000 3.854000
7.500000 24.500000 3.813000
8.500000 24.500000 3.874000
9.500000 24.500000 3.816000
10.500000 24.500000 3.933000
11.500000 24.500000 4.080000
12.500000 24.500000 4.122000
13.500000 24.500000 4.112000
14.500000 24.500000 4.043000
15.500000 24.500000 4.092000
16.500000 24.500000 3.972000
17.500000 24.500000 4.023000
18.500000 24.500000 4.119000
19.500000 24.500000 4.060000
20.500000 24.500000 3.924000
21.500000 24.500000 3.975000
22.500000 24.500000 4.077000
23.500000 24.500000 3.986000
24.500000 24.500000 4.031000
25.500000 24.500000 3.974000
26.500000 24.500000 4.065000
27.500000 24.500000 3.966000
28.500000 24.500000 3.970000
29.500000 24.500000 3.983000
30.500000 24.500000 3.932000
31.500000 24.500000 3.987000
32.500000 24.500000 3.973000
33.500000 24.500000 4.031000
34.500000 24.500000 4.100000
35.500000 24.500000 4.098000
36.500000 24.500000 4.055000
37.500000 24.500000 4.135000
38.500000 24.500000 4.048000
39.500000 24.500000 4.051000
40.500000 24.500000 3.886000
41.500000 24.500000 3.887000
42.500000 24.500000 3.884000
43.500000 24.500000 3.917000
44.500000 24.500000 3.955000
45.500000 24.500000 4.095000
46.500000 24.500000 4.134000
47.500000 24.500000 3.907000
48.500000 24.500000 3.949000
49.500000 24.500000 3.985000
50.500000 24.500000 3.988000
51.500000 24.500000 4.017000

0.500000 25.500000 3.984000
1.500000 25.500000 3.891000
2.500000 25.500000 3.899000
3.500000 25.500000 3.930000
4.500000 25.500000 3.864000
5.500000 25.500000 3.962000
6.500000 25.500000 4.002000
7.500000 25.500000 4.035000
8.500000 25.500000 3.876000
9.500000 25.500000 3.960000
10.500000 25.500000 3.899000
11.500000 25.500000 3.994000
12.500000 25.500000 4.107000
13.500000 25.500000 3.921000
14.500000 25.500000 3.914000
15.500000 25.500000 3.907000
16.500000 25.500000 3.949000
17.500000 25.500000 4.047000
18.500000 25.500000 4.103000
19.500000 25.500000 4.005000
20.500000 25.500000 4.049000
21.500000 25.500000 4.038000
22.500000 25.500000 4.025000
23.500000 25.500000 3.989000
24.500000 25.500000 4.073000
25.500000 25.500000 4.074000
26.500000 25.500000 4.122000
27.500000 25.500000 4.124000
28.500000 25.500000 3.923000
29.500000 25.500000 3.958000
30.500000 25.500000 3.894000
31.500000 25.500000 3.990000
32.500000 25.500000 3.928000
33.500000 25.500000 4.051000
34.500000 25.500000 4.002000
35.500000 25.500000 4.057000
36.500000 25.500000 3.988000
37.500000 25.500000 3.888000
38.500000 25.500000 3.967000
39.500000 25.500000 4.041000
40.500000 25.500000 3.976000
41.500000 25.500000 3.981000
42.500000 25.500000 3.902000
43.500000 25.500000 4.118000
44.500000 25.500000 4.103000
45.500000 25.500000 3.891000
46.500000 25.500000 4.103000
47.500000 25.500000 4.062000
48.500000 25.500000 3.905000
49.500000 25.500000 3.865000
50.500000 25.500000 3.971000
51.500000 25.500000 4.005000

0.500000 26.500000 4.074000
1.500000 26.500000 4.047000
2.500000 26.500000 3.923000
3.500000 26.500000 3.924000
4.500000 26.500000 3.944000
5.500000 26.500000 3.960000
6.500000 26.500000 4.004000
7.500000 26.500000 3.996000
8.500000 26.500000 3.891000
9.500000 26.500000 3.804000
10.500000 26.500000 3.963000
11.500000 26.500000 3.959000
12.500000 26.500000 4.014000
13.500000 26.500000 3.981000
14.500000 26.500000 3.885000
15.500000 26.500000 4.073000
16.500000 26.500000 4.023000
17.500000 26.500000 3.964000
18.500000 26.500000 3.998000
19.500000 26.500000 3.999000
20.500000 26.500000 3.972000
21.500000 26.500000 4.099000
22.500000 26.500000 4.013000
23.500000 26.500000 4.048000
24.500000 26.500000 4.066000
25.500000 26.500000 4.148000
26.500000 26.500000 3.969000
27.500000 26.500000 4.072000
28.500000 26.500000 3.926000
29.500000 26.500000 3.908000
30.500000 26.500000 4.002000
31.500000 26.500000 4.093000
32.500000 26.500000 3.986000
33.500000 26.500000 4.051000
34.500000 26.500000 4.001000
35.500000 26.500000 3.967000
36.500000 26.500000 4.051000
37.500000 26.500000 4.095000
38.500000 26.500000 4.036000
39.500000 26.500000 3.935000
40.500000 26.500000 4.088000
41.500000 26.500000 4.003000
42.500000 26.500000 3.936000
43.500000 26.500000 3.946000
44.500000 26.500000 3.837000
45.500000 26.500000 3.996000
46.500000 26.500000 3.973000
47.500000 26.500000 3.934000
48.500000 26.500000 4.061000
49.500000 26.500000 3.923000
50.500000 26.500000 3.926000
51.500000 26.500000 3.883000

0.500000 27.500000 4.041000
1.500000 27.500000 4.006000
2.500000 27.500000 4.052000
3.500000 27.500000 3.994000
4.500000 27.500000 4.006000
5.500000 27.500000 3.983000
6.500000 27.500000 4.117000
7.500000 27.500000 3.869000
8.500000 27.500000 3.868000
9.500000 27.500000 3.879000
10.500000 27.500000 3.961000
11.500000 27.500000 3.966000
12.500000 27.500000 4.006000
13.500000 27.500000 3.982000
14.500000 27.500000 4.045000
15.500000 27.500000 3.914000
16.500000 27.500000 3.971000
17.500000 27.500000 3.983000
18.500000 27.500000 4.014000
19.500000 27.500000 3.861000
20.500000 27.500000 3.856000
21.500000 27.500000 3.958000
22.500000 27.500000 3.951000
23.500000 27.500000 3.978000
24.500000 27.500000 3.966000
25.500000 27.500000 4.076000
26.500000 27.500000 3.995000
27.500000 27.500000 4.139000
28.500000 27.500000 4.119000
29.500000 27.500000 4.104000
30.500000 27.500000 4.094000
31.500000 27.500000 3.929000
32.500000 27.500000 3.962000
33.500000 27.500000 3.993000
34.500000 27.500000 4.072000
35.500000 27.500000 4.068000
36.500000 27.500000 4.048000
37.500000 27.500000 4.098000
38.500000 27.500000 4.026000
39.500000 27.500000 4.013000
40.500000 27.500000 3.967000
41.500000 27.500000 4.115000
42.500000 27.500000 4.031000
43.500000 27.500000 3.810000
44.500000 27.500000 3.857000
45.500000 27.500000 3.922000
46.500000 27.500000 3.872000
47.500000 27.500000 3.918000
48.500000 27.500000 3.971000
49.500000 27.500000 4.054000
50.500000 27.500000 3.938000
51.500000 27.500000 3.948000

0.500000 28.500000 4.020000
1.500000 28.500000 3.924000
2.500000 28.500000 3.902000
3.500000 28.500000 3.977000
4.500000 28.500000 3.998000
5.500000 28.500000 4.106000
6.500000 28.500000 4.182000
7.500000 28.500000 4.019000
8.500000 28.500000 3.942000
9.500000 28.500000 4.151000
10.500000 28.500000 4.101000
11.500000 28.500000 3.981000
12.500000 28.500000 4.082000
13.500000 28.500000 4.041000
14.500000 28.500000 4.004000
15.500000 28.500000 4.033000
16.500000 28.500000 3.943000
17.500000 28.500000 4.013000
18.500000 28.500000 3.957000
19.500000 28.500000 3.992000
20.500000 28.500000 3.992000
21.500000 28.500000 3.963000
22.500000 28.500000 4.122000
23.500000 28.500000 4.117000
24.500000 28.500000 4.141000
25.500000 28.500000 3.962000
26.500000 28.500000 4.058000
27.500000 28.500000 3.986000
28.500000 28.500000 4.164000
29.500000 28.500000 3.936000
30.500000 28.500000 4.034000
31.500000 28.500000 4.029000
32.500000 28.500000 4.123000
33.500000 28.500000 4.031000
34.500000 28.500000 4.124000
35.500000 28.500000 3.959000
36.500000 28.500000 4.036000
37.500000 28.500000 3.979000
38.500000 28.500000 4.127000
39.500000 28.500000 4.117000
40.500000 28.500000 4.134000
41.500000 28.500000 4.054000
42.500000 28.500000 4.123000
43.500000 28.500000 3.960000
44.500000 28.500000 3.889000
45.500000 28.500000 4.022000
46.500000 28.500000 3.931000
47.500000 28.500000 3.940000
48.500000 28.500000 3.906000
49.500000 28.500000 3.945000
50.500000 28.500000 3.776000
51.500000 28.500000 3.989000

0.500000 29.500000 3.835000
1.500000 29.500000 3.896000
2.500000 29.500000 4.010000
3.500000 29.500000 4.226000
4.500000 29.500000 3.956000
5.500000 29.500000 3.950000
6.500000 29.500000 3.910000
7.500000 29.500000 3.908000
8.500000 29.500000 4.034000
9.500000 29.500000 4.089000
10.500000 29.500000 4.066000
11.500000 29.500000 4.043000
12.500000 29.500000 3.984000
13.500000 29.500000 4.018000
14.500000 29.500000 4.054000
15.500000 29.500000 4.123000
16.500000 29.500000 3.944000
17.500000 29.500000 3.897000
18.500000 29.500000 3.947000
19.500000 29.500000 3.977000
20.500000 29.500000 3.882000
21.500000 29.500000 4.056000
22.500000 29.500000 4.083000
23.500000 29.500000 4.245000
24.500000 29.500000 4.173000
25.500000 29.500000 4.135000
26.500000 29.500000 4.111000
27.500000 29.500000 4.133000
28.500000 29.500000 4.119000
29.500000 29.500000 4.060000
30.500000 29.500000 3.989000
31.500000 29.500000 3.870000
32.500000 29.500000 4.121000
33.500000 29.500000 4.049000
34.500000 29.500000 4.208000
35.500000 29.500000 4.165000
36.500000 29.500000 4.062000
37.500000 29.500000 3.886000
38.500000 29.500000 4.117000
39.500000 29.500000 4.012000
40.500000 29.500000 3.955000
41.500000 29.500000 4.059000
42.500000 29.500000 3.991000
43.500000 29.500000 3.895000
44.500000 29.500000 3.983000
45.500000 29.500000 3.975000
46.500000 29.500000 4.017000
47.500000 29.500000 3.937000
48.500000 29.500000 3.774000
49.500000 29.500000 4.040000
50.500000 29.500000 3.904000
51.500000 29.500000 4.038000

0.500000 30.500000 4.020000
1.500000 30.500000 4.046000
2.500000 30.500000 3.897000
3.500000 30.500000 4.036000
4.500000 30.500000 3.978000
5.500000 30.500000 4.002000
6.500000 30.500000 4.060000
7.500000 30.500000 3.901000
8.500000 30.500000 3.985000
9.500000 30.500000 3.968000
10.500000 30.500000 4.012000
11.500000 30.500000 4.069000
12.500000 30.500000 3.907000
13.500000 30.500000 3.997000
14.500000 30.500000 3.912000
15.500000 30.500000 3.991000
16.500000 30.500000 4.077000
17.500000 30.500000 3.989000
18.500000 30.500000 3.976000
19.500000 30.500000 3.877000
20.500000 30.500000 4.067000
21.500000 30.500000 4.039000
22.500000 30.500000 4.028000
23.500000 30.500000 3.950000
24.500000 30.500000 4.112000
25.500000 30.500000 4.069000
26.500000 30.500000 4.080000
27.500000 30.500000 4.116000
28.500000 30.500000 4.207000
29.500000 30.500000 3.972000
30.500000 30.500000 4.092000
31.500000 30.500000 3.967000
32.500000 30.500000 3.900000
33.500000 30.500000 4.117000
34.500000 30.500000 4.178000
35.500000 30.500000 4.160000
36.500000 30.500000 4.005000
37.500000 30.500000 4.107000
38.500000 30.500000 4.097000
39.500000 30.500000 4.047000
40.500000 30.500000 3.996000
41.500000 30.500000 3.836000
42.500000 30.500000 4.003000
43.500000 30.500000 4.122000
44.500000 30.500000 4.084000
45.500000 30.500000 4.145000
46.500000 30.500000 4.020000
47.500000 30.500000 3.902000
48.500000 30.500000 4.067000
49.500000 30.500000 3.821000
50.500000 30.500000 3.958000
51.500000 30.500000 4.085000

0.500000 31.500000 4.036000
1.500000 31.500000 3.900000
2.500000 31.500000 4.040000
3.500000 31.500000 4.103000
4.500000 31.500000 4.098000
5.500000 31.500000 3.995000
6.500000 31.500000 4.026000
7.500000 31.500000 4.108000
8.500000 31.500000 4.039000
9.500000 31.500000 3.914000
10.500000 31.500000 4.030000
11.500000 31.500000 4.123000
12.500000 31.500000 4.069000
13.500000 31.500000 4.000000
14.500000 31.500000 3.999000
15.500000 31.500000 4.104000
16.500000 31.500000 3.953000
17.500000 31.500000 4.125000
18.500000 31.500000 4.117000
19.500000 31.500000 3.925000
20.500000 31.500000 3.966000
21.500000 31.500000 4.074000
22.500000 31.500000 4.049000
23.500000 31.500000 4.187000
24.500000 31.500000 3.942000
25.500000 31.500000 4.124000
26.500000 31.500000 4.117000
27.500000 31.500000 4.052000
28.500000 31.500000 4.140000
29.500000 31.500000 4.240000
30.500000 31.500000 4.153000
31.500000 31.500000 3.841000
32.500000 31.500000 3.881000
33.500000 31.500000 4.236000
34.500000 31.500000 4.105000
35.500000 31.500000 3.867000
36.500000 31.500000 4.046000
37.500000 31.500000 3.988000
38.500000 31.500000 4.028000
39.500000 31.500000 4.099000
40.500000 31.500000 4.051000
41.500000 31.500000 4.080000
42.500000 31.500000 3.878000
43.500000 31.500000 3.950000
44.500000 31.500000 3.863000
45.500000 31.500000 4.084000
46.500000 31.500000 4.155000
47.500000 31.500000 4.134000
48.500000 31.500000 4.046000
49.500000 31.500000 3.905000
50.500000 31.500000 3.918000
51.500000 31.500000 3.933000

0.500000 32.500000 4.098000
1.500000 32.500000 4.112000
2.500000 32.500000 4.191000
3.500000 32.500000 4.118000
4.500000 32.500000 4.140000
5.500000 32.500000 4.086000
6.500000 32.500000 4.082000
7.500000 32.500000 4.054000
8.500000 32.500000 4.064000
9.500000 32.500000 4.046000
10.500000 32.500000 4.185000
11.500000 32.500000 3.984000
12.500000 32.500000 4.066000
13.500000 32.500000 4.093000
14.500000 32.500000 4.113000
15.500000 32.500000 4.000000
16.500000 32.500000 4.050000
17.500000 32.500000 3.957000
18.500000 32.500000 4.009000
19.500000 32.500000 3.920000
20.500000 32.500000 3.913000
21.500000 32.500000 3.926000
22.500000 32.500000 4.033000
23.500000 32.500000 4.062000
24.500000 32.500000 4.080000
25.500000 32.500000 3.992000
26.500000 32.500000 4.129000
27.500000 32.500000 4.054000
28.500000 32.500000 4.038000
29.500000 32.500000 4.120000
30.500000 32.500000 4.040000
31.500000 32.500000 3.902000
32.500000 32.500000 4.177000
33.500000 32.500000 4.067000
34.500000 32.500000 4.100000
35.500000 32.500000 4.092000
36.500000 32.500000 4.096000
37.500000 32.500000 4.034000
38.500000 32.500000 4.049000
39.500000 32.500000 4.105000
40.500000 32.500000 4.108000
41.500000 32.500000 4.069000
42.500000 32.500000 3.839000
43.500000 32.500000 3.956000
44.500000 32.500000 4.109000
45.500000 32.500000 4.220000
46.500000 32.500000 4.246000
47.500000 32.500000 4.098000
48.500000 32.500000 4.158000
49.500000 32.500000 4.057000
50.500000 32.500000 4.030000
51.500000 32.500000 4.157000

0.500000 33.500000 4.160000
1.500000 33.500000 4.146000
2.500000 33.500000 4.112000
3.500000 33.500000 4.230000
4.500000 33.500000 4.003000
5.500000 33.500000 4.120000
6.500000 33.500000 4.128000
7.500000 33.500000 4.182000
8.500000 33.500000 3.997000
9.500000 33.500000 3.988000
10.500000 33.500000 3.938000
11.500000 33.500000 4.107000
12.500000 33.500000 4.027000
13.500000 33.500000 4.159000
14.500000 33.500000 4.202000
15.500000 33.500000 4.166000
16.500000 33.500000 4.217000
17.500000 33.500000 4.051000
18.500000 33.500000 4.079000
19.500000 33.500000 4.071000
20.500000 33.500000 4.007000
21.500000 33.500000 4.052000
22.500000 33.500000 4.003000
23.500000 33.500000 3.993000
24.500000 33.500000 3.954000
25.500000 33.500000 4.143000
26.500000 33.500000 4.009000
27.500000 33.500000 4.004000
28.500000 33.500000 4.057000
29.500000 33.500000 4.033000
30.500000 33.500000 4.048000
31.500000 33.500000 3.998000
32.500000 33.500000 4.087000
33.500000 33.500000 4.015000
34.500000 33.500000 4.161000
35.500000 33.500000 4.092000
36.500000 33.500000 4.021000
37.500000 33.500000 4.036000
38.500000 33.500000 4.061000
39.500000 33.500000 4.218000
40.500000 33.500000 3.911000
41.500000 33.500000 4.182000
42.500000 33.500000 4.112000
43.500000 33.500000 4.005000
44.500000 33.500000 4.307000
45.500000 33.500000 4.202000
46.500000 33.500000 4.151000
47.500000 33.500000 4.180000
48.500000 33.500000 4.121000
49.500000 33.500000 4.133000
50.500000 33.500000 4.185000
51.500000 33.500000 4.150000

0.500000 34.500000 4.219000
1.500000 34.500000 4.211000
2.500000 34.500000 4.235000
3.500000 34.500000 4.169000
4.500000 34.500000 4.059000
5.500000 34.500000 4.034000
6.500000 34.500000 3.993000
7.500000 34.500000 4.138000
8.500000 34.500000 4.099000
9.500000 34.500000 4.001000
10.500000 34.500000 3.955000
11.500000 34.500000 4.174000
12.500000 34.500000 4.134000
13.500000 34.500000 4.093000
14.500000 34.500000 4.159000
15.500000 34.500000 4.168000
16.500000 34.500000 4.153000
17.500000 34.500000 4.304000
18.500000 34.500000 4.071000
19.500000 34.500000 4.109000
20.500000 34.500000 4.083000
21.500000 34.500000 4.137000
22.500000 34.500000 4.094000
23.500000 34.500000 4.159000
24.500000 34.500000 4.184000
25.500000 34.500000 4.143000
26.500000 34.500000 4.175000
27.500000 34.500000 4.248000
28.500000 34.500000 4.135000
29.500000 34.500000 4.017000
30.500000 34.500000 4.131000
31.500000 34.500000 4.182000
32.500000 34.500000 4.004000
33.500000 34.500000 4.118000
34.500000 34.500000 4.020000
35.500000 34.500000 4.095000
36.500000 34.500000 4.101000
37.500000 34.500000 4.170000
38.500000 34.500000 4.098000
39.500000 34.500000 4.014000
40.500000 34.500000 4.056000
41.500000 34.500000 4.056000
42.500000 34.500000 4.202000
43.500000 34.500000 4.193000
44.500000 34.500000 4.194000
45.500000 34.500000 4.239000
46.500000 34.500000 4.319000
47.500000 34.500000 4.321000
48.500000 34.500000 4.305000
49.500000 34.500000 4.350000
50.500000 34.500000 4.179000
51.500000 34.500000 4.150000

0.500000 35.500000 4.246000
1.500000 35.500000 4.124000
2.500000 35.500000 4.336000
3.500000 35.500000 4.213000
4.500000 35.500000 4.209000
5.500000 35.500000 4.032000
6.500000 35.500000 4.126000
7.500000 35.500000 4.173000
8.500000 35.500000 4.061000
9.500000 35.500000 4.132000
10.500000 35.500000 4.209000
11.500000 35.500000 4.287000
12.500000 35.500000 4.240000
13.500000 35.500000 4.265000
14.500000 35.500000 4.325000
15.500000 35.500000 4.355000
16.500000 35.500000 4.162000
17.500000 35.500000 4.185000
18.500000 35.500000 4.202000
19.500000 35.500000 4.216000
20.500000 35.500000 4.276000
21.500000 35.500000 4.325000
22.500000 35.500000 4.357000
23.500000 35.500000 4.430000
24.500000 35.500000 4.176000
25.500000 35.500000 4.289000
26.500000 35.500000 4.336000
27.500000 35.500000 4.135000
28.500000 35.500000 4.100000
29.500000 35.500000 4.128000
30.500000 35.500000 4.176000
31.500000 35.500000 4.184000
32.500000 35.500000 4.222000
33.500000 35.500000 4.151000
34.500000 35.500000 4.291000
35.500000 35.500000 4.310000
36.500000 35.500000 4.190000
37.500000 35.500000 4.175000
38.500000 35.500000 4.105000
39.500000 35.500000 4.166000
40.500000 35.500000 4.124000
41.500000 35.500000 4.070000
42.500000 35.500000 4.125000
43.500000 35.500000 4.250000
44.500000 35.500000 4.173000
45.500000 35.500000 4.177000
46.500000 35.500000 4.292000
47.500000 35.500000 4.331000
48.500000 35.500000 4.249000
49.500000 35.500000 4.224000
50.500000 35.500000 4.161000
51.500000 35.500000 4.186000

0.500000 36.500000 4.238000
1.500000 36.500000 4.430000
2.500000 36.500000 4.427000
3.500000 36.500000 4.332000
4.500000 36.500000 4.212000
5.500000 36.500000 4.191000
6.500000 36.500000 4.303000
7.500000 36.500000 4.198000
8.500000 36.500000 4.090000
9.500000 36.500000 4.306000
10.500000 36.500000 4.354000
11.500000 36.500000 4.406000
12.500000 36.500000 4.238000
13.500000 36.500000 4.383000
14.500000 36.500000 4.213000
15.500000 36.500000 4.291000
16.500000 36.500000 4.278000
17.500000 36.500000 4.235000
18.500000 36.500000 4.168000
19.500000 36.500000 4.332000
20.500000 36.500000 4.334000
21.500000 36.500000 4.221000
22.500000 36.500000 4.372000
23.500000 36.500000 4.216000
24.500000 36.500000 4.133000
25.500000 36.500000 4.321000
26.500000 36.500000 4.266000
27.500000 36.500000 4.362000
28.500000 36.500000 4.360000
29.500000 36.500000 4.481000
30.500000 36.500000 4.311000
31.500000 36.500000 4.416000
32.500000 36.500000 4.304000
33.500000 36.500000 4.306000
34.500000 36.500000 4.127000
35.500000 36.500000 4.114000
36.500000 36.500000 4.167000
37.500000 36.500000 4.107000
38.500000 36.500000 4.392000
39.500000 36.500000 4.359000
40.500000 36.500000 4.245000
41.500000 36.500000 4.262000
42.500000 36.500000 4.101000
43.500000 36.500000 4.358000
44.500000 36.500000 4.242000
45.500000 36.500000 4.214000
46.500000 36.500000 4.066000
47.500000 36.500000 4.322000
48.500000 36.500000 4.312000
49.500000 36.500000 4.254000
50.500000 36.500000 4.327000
51.500000 36.500000 4.201000

0.500000 37.500000 4.310000
1.500000 37.500000 4.420000
2.500000 37.500000 4.569000
3.500000 37.500000 4.515000
4.500000 37.500000 4.417000
5.500000 37.500000 4.307000
6.500000 37.500000 4.298000
7.500000 37.500000 4.412000
8.500000 37.500000 4.429000
9.500000 37.500000 4.493000
10.500000 37.500000 4.372000
11.500000 37.500000 4.418000
12.500000 37.500000 4.550000
13.500000 37.500000 4.498000
14.500000 37.500000 4.366000
15.500000 37.500000 4.482000
16.500000 37.500000 4.340000
17.500000 37.500000 4.277000
18.500000 37.500000 4.390000
19.500000 37.500000 4.429000
20.500000 37.500000 4.388000
21.500000 37.500000 4.243000
22.500000 37.500000 4.427000
23.500000 37.500000 4.262000
24.500000 37.500000 4.323000
25.500000 37.500000 4.359000
26.500000 37.500000 4.531000
27.500000 37.500000 4.467000
28.500000 37.500000 4.295000
29.500000 37.500000 4.517000
30.500000 37.500000 4.305000
31.500000 37.500000 4.349000
32.500000 37.500000 4.271000
33.500000 37.500000 4.387000
34.500000 37.500000 4.269000
35.500000 37.500000 4.317000
36.500000 37.500000 4.304000
37.500000 37.500000 4.347000
38.500000 37.500000 4.269000
39.500000 37.500000 4.261000
40.500000 37.500000 4.207000
41.500000 37.500000 4.403000
42.500000 37.500000 4.197000
43.500000 37.500000 4.410000
44.500000 37.500000 4.361000
45.500000 37.500000 4.326000
46.500000 37.500000 4.208000
47.500000 37.500000 4.369000
48.500000 37.500000 4.365000
49.500000 37.500000 4.359000
50.500000 37.500000 4.331000
51.500000 37.500000 4.384000

0.500000 38.500000 4.521000
1.500000 38.500000 4.671000
2.500000 38.500000 4.563000
3.500000 38.500000 4.592000
4.500000 38.500000 4.423000
5.500000 38.500000 4.529000
6.500000 38.500000 4.254000
7.500000 38.500000 4.546000
8.500000 38.500000 4.541000
9.500000 38.500000 4.469000
10.500000 38.500000 4.397000
11.500000 38.500000 4.416000
12.500000 38.500000 4.418000
13.500000 38.500000 4.470000
14.500000 38.500000 4.435000
15.500000 38.500000 4.600000
16.500000 38.500000 4.556000
17.500000 38.500000 4.520000
18.500000 38.500000 4.465000
19.500000 38.500000 4.429000
20.500000 38.500000 4.560000
21.500000 38.500000 4.536000
22.500000 38.500000 4.415000
23.500000 38.500000 4.553000
24.500000 38.500000 4.387000
25.500000 38.500000 4.386000
26.500000 38.500000 4.611000
27.500000 38.500000 4.627000
28.500000 38.500000 4.580000
29.500000 38.500000 4.427000
30.500000 38.500000 4.411000
31.500000 38.500000 4.480000
32.500000 38.500000 4.394000
33.500000 38.500000 4.375000
34.500000 38.500000 4.337000
35.500000 38.500000 4.394000
36.500000 38.500000 4.347000
37.500000 38.500000 4.308000
38.500000 38.500000 4.186000
39.500000 38.500000 4.328000
40.500000 38.500000 4.311000
41.500000 38.500000 4.484000
42.500000 38.500000 4.374000
43.500000 38.500000 4.552000
44.500000 38.500000 4.515000
45.500000 38.500000 4.457000
46.500000 38.500000 4.478000
47.500000 38.500000 4.545000
48.500000 38.500000 4.545000
49.500000 38.500000 4.480000
50.500000 38.500000 4.654000
51.500000 38.500000 4.467000

0.500000 39.500000 4.573000
1.500000 39.500000 4.508000
2.500000 39.500000 4.502000
3.500000 39.500000 4.568000
4.500000 39.500000 4.505000
5.500000 39.500000 4.451000
6.500000 39.500000 4.380000
7.500000 39.500000 4.686000
8.500000 39.500000 4.459000
9.500000 39.500000 4.490000
10.500000 39.500000 4.569000
11.500000 39.500000 4.497000
12.500000 39.500000 4.347000
13.500000 39.500000 4.696000
14.500000 39.500000 4.437000
15.500000 39.500000 4.348000
16.500000 39.500000 4.602000
17.500000 39.500000 4.681000
18.500000 39.500000 4.601000
19.500000 39.500000 4.666000
20.500000 39.500000 4.515000
21.500000 39.500000 4.487000
22.500000 39.500000 4.613000
23.500000 39.500000 4.577000
24.500000 39.500000 4.383000
25.500000 39.500000 4.584000
26.500000 39.500000 4.626000
27.500000 39.500000 4.539000
28.500000 39.500000 4.580000
29.500000 39.500000 4.530000
30.500000 39.500000 4.377000
31.500000 39.500000 4.563000
32.500000 39.500000 4.716000
33.500000 39.500000 4.631000
34.500000 39.500000 4.596000
35.500000 39.500000 4.506000
36.500000 39.500000 4.417000
37.500000 39.500000 4.482000
38.500000 39.500000 4.462000
39.500000 39.500000 4.399000
40.500000 39.500000 4.532000
41.500000 39.500000 4.654000
42.500000 39.500000 4.490000
43.500000 39.500000 4.541000
44.500000 39.500000 4.457000
45.500000 39.500000 4.508000
46.500000 39.500000 4.431000
47.500000 39.500000 4.614000
48.500000 39.500000 4.716000
49.500000 39.500000 4.558000
50.500000 39.500000 4.580000
51.500000 39.500000 4.505000

0.500000 40.500000 4.675000
1.500000 40.500000 4.513000
2.500000 40.500000 4.706000
3.500000 40.500000 4.519000
4.500000 40.500000 4.666000
5.500000 40.500000 4.672000
6.500000 40.500000 4.510000
7.500000 40.500000 4.603000
8.500000 40.500000 4.709000
9.500000 40.500000 4.683000
10.500000 40.500000 4.595000
11.500000 40.500000 4.589000
12.500000 40.500000 4.606000
13.500000 40.500000 4.678000
14.500000 40.500000 4.680000
15.500000 40.500000 4.643000
16.500000 40.500000 4.681000
17.500000 40.500000 4.730000
18.500000 40.500000 4.626000
19.500000 40.500000 4.693000
20.500000 40.500000 4.724000
21.500000 40.500000 4.676000
22.500000 40.500000 4.696000
23.500000 40.500000 4.810000
24.500000 40.500000 4.605000
25.500000 40.500000 4.643000
26.500000 40.500000 4.679000
27.500000 40.500000 4.705000
28.500000 40.500000 4.545000
29.500000 40.500000 4.681000
30.500000 40.500000 4.665000
31.500000 40.500000 4.732000
32.500000 40.500000 4.726000
33.500000 40.500000 4.628000
34.500000 40.500000 4.724000
35.500000 40.500000 4.587000
36.500000 40.500000 4.827000
37.500000 40.500000 4.580000
38.500000 40.500000 4.724000
39.500000 40.500000 4.627000
40.500000 40.500000 4.603000
41.500000 40.500000 4.671000
42.500000 40.500000 4.629000
43.500000 40.500000 4.741000
44.500000 40.500000 4.687000
45.500000 40.500000 4.592000
46.500000 40.500000 4.482000
47.500000 40.500000 4.438000
48.500000 40.500000 4.604000
49.500000 40.500000 4.689000
50.500000 40.500000 4.701000
51.500000 40.500000 4.665000

0.500000 41.500000 4.776000
1.500000 41.500000 4.776000
2.500000 41.500000 4.786000
3.500000 41.500000 4.799000
4.500000 41.500000 4.898000
5.500000 41.500000 4.807000
6.500000 41.500000 4.790000
7.500000 41.500000 4.602000
8.500000 41.500000 4.663000
9.500000 41.500000 4.761000
10.500000 41.500000 4.815000
11.500000 41.500000 4.600000
12.500000 41.500000 4.684000
13.500000 41.500000 4.690000
14.500000 41.500000 4.672000
15.500000 41.500000 4.947000
16.500000 41.500000 4.683000
17.500000 41.500000 4.972000
18.500000 41.500000 4.796000
19.500000 41.500000 4.862000
20.500000 41.500000 4.889000
21.500000 41.500000 4.858000
22.500000 41.500000 4.770000
23.500000 41.500000 4.803000
24.500000 41.500000 4.712000
25.500000 41.500000 4.764000
26.500000 41.500000 4.755000
27.500000 41.500000 4.753000
28.500000 41.500000 4.758000
29.500000 41.500000 4.872000
30.500000 41.500000 4.849000
31.500000 41.500000 4.832000
32.500000 41.500000 4.826000
33.500000 41.500000 4.873000
34.500000 41.500000 4.638000
35.500000 41.500000 4.605000
36.500000 41.500000 4.836000
37.500000 41.500000 4.681000
38.500000 41.500000 4.596000
39.500000 41.500000 4.638000
40.500000 41.500000 4.702000
41.500000 41.500000 4.938000
42.500000 41.500000 4.756000
43.500000 41.500000 4.761000
44.500000 41.500000 4.815000
45.500000 41.500000 4.809000
46.500000 41.500000 4.832000
47.500000 41.500000 4.749000
48.500000 41.500000 4.692000
49.500000 41.500000 4.693000
50.500000 41.500000 4.673000
51.500000 41.500000 4.733000

0.500000 42.500000 4.893000
1.500000 42.500000 4.985000
2.500000 42.500000 4.876000
3.500000 42.500000 4.879000
4.500000 42.500000 4.871000
5.500000 42.500000 4.801000
6.500000 42.500000 4.887000
7.500000 42.500000 4.836000
8.500000 42.500000 4.935000
9.500000 42.500000 4.965000
10.500000 42.500000 4.756000
11.500000 42.500000 4.795000
12.500000 42.500000 4.789000
13.500000 42.500000 4.824000
14.500000 42.500000 5.042000
15.500000 42.500000 4.805000
16.500000 42.500000 4.958000
17.500000 42.500000 4.870000
18.500000 42.500000 4.889000
19.500000 42.500000 4.841000
20.500000 42.500000 4.944000
21.500000 42.500000 5.052000
22.500000 42.500000 5.105000
23.500000 42.500000 5.066000
24.500000 42.500000 4.919000
25.500000 42.500000 4.988000
26.500000 42.500000 4.978000
27.500000 42.500000 5.001000
28.500000 42.500000 4.971000
29.500000 42.500000 5.062000
30.500000 42.500000 4.904000
31.500000 42.500000 5.044000
32.500000 42.500000 4.788000
33.500000 42.500000 4.949000
34.500000 42.500000 4.860000
35.500000 42.500000 4.710000
36.500000 42.500000 4.804000
37.500000 42.500000 4.890000
38.500000 42.500000 5.030000
39.500000 42.500000 5.081000
40.500000 42.500000 4.877000
41.500000 42.500000 5.016000
42.500000 42.500000 4.804000
43.500000 42.500000 4.905000
44.500000 42.500000 4.954000
45.500000 42.500000 4.855000
46.500000 42.500000 4.913000
47.500000 42.500000 4.938000
48.500000 42.500000 4.822000
49.500000 42.500000 4.765000
50.500000 42.500000 5.116000
51.500000 42.500000 5.018000

0.500000 43.500000 5.185000
1.500000 43.500000 5.027000
2.500000 43.500000 4.979000
3.500000 43.500000 5.137000
4.500000 43.500000 4.982000
5.500000 43.500000 5.024000
6.500000 43.500000 5.009000
7.500000 43.500000 5.046000
8.500000 43.500000 5.208000
9.500000 43.500000 4.951000
10.500000 43.500000 4.935000
11.500000 43.500000 5.057000
12.500000 43.500000 5.051000
13.500000 43.500000 5.093000
14.500000 43.500000 5.091000
15.500000 43.500000 5.074000
16.500000 43.500000 5.214000
17.500000 43.500000 4.933000
18.500000 43.500000 4.933000
19.500000 43.500000 5.131000
20.500000 43.500000 5.147000
21.500000 43.500000 5.039000
22.500000 43.500000 5.051000
23.500000 43.500000 5.137000
24.500000 43.500000 5.110000
25.500000 43.500000 5.111000
26.500000 43.500000 5.086000
27.500000 43.500000 4.956000
28.500000 43.500000 5.078000
29.500000 43.500000 5.057000
30.500000 43.500000 5.109000
31.500000 43.500000 5.118000
32.500000 43.500000 5.176000
33.500000 43.500000 5.226000
34.500000 43.500000 5.011000
35.500000 43.500000 5.021000
36.500000 43.500000 5.041000
37.500000 43.500000 5.324000
38.500000 43.500000 5.150000
39.500000 43.500000 5.382000
40.500000 43.500000 5.276000
41.500000 43.500000 5.067000
42.500000 43.500000 5.093000
43.500000 43.500000 5.030000
44.500000 43.500000 5.119000
45.500000 43.500000 5.064000
46.500000 43.500000 4.945000
47.500000 43.500000 4.927000
48.500000 43.500000 5.048000
49.500000 43.500000 5.057000
50.500000 43.500000 5.013000
51.500000 43.500000 5.304000

0.500000 44.500000 5.210000
1.500000 44.500000 5.506000
2.500000 44.500000 5.309000
3.500000 44.500000 5.369000
4.500000 44.500000 5.232000
5.500000 44.500000 5.289000
6.500000 44.500000 5.301000
7.500000 44.500000 5.285000
8.500000 44.500000 5.347000
9.500000 44.500000 5.275000
10.500000 44.500000 5.316000
11.500000 44.500000 5.190000
12.500000 44.500000 5.234000
13.500000 44.500000 5.147000
14.500000 44.500000 5.347000
15.500000 44.500000 5.267000
16.500000 44.500000 5.194000
17.500000 44.500000 5.103000
18.500000 44.500000 4.991000
19.500000 44.500000 5.216000
20.500000 44.500000 5.329000
21.500000 44.500000 5.255000
22.500000 44.500000 5.352000
23.500000 44.500000 5.267000
24.500000 44.500000 5.334000
25.500000 44.500000 5.202000
26.500000 44.500000 5.330000
27.500000 44.500000 5.164000
28.500000 44.500000 5.380000
29.500000 44.500000 5.341000
30.500000 44.500000 5.328000
31.500000 44.500000 5.406000
32.500000 44.500000 5.381000
33.500000 44.500000 5.375000
34.500000 44.500000 5.449000
35.500000 44.500000 5.489000
36.500000 44.500000 5.280000
37.500000 44.500000 5.350000
38.500000 44.500000 5.343000
39.500000 44.500000 5.411000
40.500000 44.500000 5.350000
41.500000 44.500000 5.300000
42.500000 44.500000 5.334000
43.500000 44.500000 5.328000
44.500000 44.500000 5.253000
45.500000 44.500000 5.160000
46.500000 44.500000 5.136000
47.500000 44.500000 5.067000
48.500000 44.500000 5.242000
49.500000 44.500000 5.226000
50.500000 44.500000 5.301000
51.500000 44.500000 5.316000

0.500000 45.500000 5.641000
1.500000 45.500000 5.622000
2.500000 45.500000 5.565000
3.500000 45.500000 5.517000
4.500000 45.500000 5.459000
5.500000 45.500000 5.396000
6.500000 45.500000 5.586000
7.500000 45.500000 5.449000
8.500000 45.500000 5.581000
9.500000 45.500000 5.479000
10.500000 45.500000 5.596000
11.500000 45.500000 5.339000
12.500000 45.500000 5.435000
13.500000 45.500000 5.432000
14.500000 45.500000 5.464000
15.500000 45.500000 5.610000
16.500000 45.500000 5.481000
17.500000 45.500000 5.429000
18.500000 45.500000 5.457000
19.500000 45.500000 5.638000
20.500000 45.500000 5.346000
21.500000 45.500000 5.475000
22.500000 45.500000 5.481000
23.500000 45.500000 5.437000
24.500000 45.500000 5.340000
25.500000 45.500000 5.631000
26.500000 45.500000 5.524000
27.500000 45.500000 5.552000
28.500000 45.500000 5.532000
29.500000 45.500000 5.676000
30.500000 45.500000 5.540000
31.500000 45.500000 5.757000
32.500000 45.500000 5.776000
33.500000 45.500000 5.686000
34.500000 45.500000 5.486000
35.500000 45.500000 5.634000
36.500000 45.500000 5.807000
37.500000 45.500000 5.582000
38.500000 45.500000 5.750000
39.500000 45.500000 5.628000
40.500000 45.500000 5.541000
41.500000 45.500000 5.479000
42.500000 45.500000 5.593000
43.500000 45.500000 5.608000
44.500000 45.500000 5.471000
45.500000 45.500000 5.151000
46.500000 45.500000 5.308000
47.500000 45.500000 5.407000
48.500000 45.500000 5.542000
49.500000 45.500000 5.397000
50.500000 45.500000 5.394000
51.500000 45.500000 5.691000

0.500000 46.500000 5.870000
1.500000 46.500000 5.849000
2.500000 46.500000 5.700000
3.500000 46.500000 5.854000
4.500000 46.500000 5.842000
5.500000 46.500000 5.847000
6.500000 46.500000 5.775000
7.500000 46.500000 5.660000
8.500000 46.500000 5.837000
9.500000 46.500000 5.807000
10.500000 46.500000 5.605000
11.500000 46.500000 5.497000
12.500000 46.500000 5.668000
13.500000 46.500000 5.633000
14.500000 46.500000 5.807000
15.500000 46.500000 5.805000
16.500000 46.500000 5.811000
17.500000 46.500000 5.700000
18.500000 46.500000 5.872000
19.500000 46.500000 5.774000
20.500000 46.500000 5.896000
21.500000 46.500000 5.708000
22.500000 46.500000 5.764000
23.500000 46.500000 5.886000
24.500000 46.500000 5.823000
25.500000 46.500000 5.803000
26.500000 46.500000 5.947000
27.500000 46.500000 5.882000
28.500000 46.500000 5.946000
29.500000 46.500000 5.726000
30.500000 46.500000 5.866000
31.500000 46.500000 5.808000
32.500000 46.500000 5.897000
33.500000 46.500000 5.881000
34.500000 46.500000 5.892000
35.500000 46.500000 6.057000
36.500000 46.500000 6.038000
37.500000 46.500000 5.983000
38.500000 46.500000 5.775000
39.500000 46.500000 5.954000
40.500000 46.500000 5.789000
41.500000 46.500000 5.861000
42.500000 46.500000 5.947000
43.500000 46.500000 5.844000
44.500000 46.500000 5.617000
45.500000 46.500000 5.642000
46.500000 46.500000 5.700000
47.500000 46.500000 5.694000
48.500000 46.500000 5.665000
49.500000 46.500000 5.714000
50.500000 46.500000 5.616000
51.500000 46.500000 6.078000

0.500000 47.500000 6.056000
1.500000 47.500000 6.058000
2.500000 47.500000 6.154000
3.500000 47.500000 6.047000
4.500000 47.500000 6.108000
5.500000 47.500000 5.886000
6.500000 47.500000 5.820000
7.500000 47.500000 6.017000
8.500000 47.500000 6.117000
9.500000 47.500000 6.108000
10.500000 47.500000 5.857000
11.500000 47.500000 5.734000
12.500000 47.500000 5.841000
13.500000 47.500000 6.043000
14.500000 47.500000 6.245000
15.500000 47.500000 6.088000
16.500000 47.500000 6.180000
17.500000 47.500000 5.971000
18.500000 47.500000 6.037000
19.500000 47.500000 5.890000
20.500000 47.500000 6.108000
21.500000 47.500000 5.979000
22.500000 47.500000 6.126000
23.500000 47.500000 6.270000
24.500000 47.500000 6.081000
25.500000 47.500000 6.006000
26.500000 47.500000 5.990000
27.500000 47.500000 6.287000
28.500000 47.500000 6.254000
29.500000 47.500000 6.221000
30.500000 47.500000 5.915000
31.500000 47.500000 6.088000
32.500000 47.500000 6.163000
33.500000 47.500000 6.086000
34.500000 47.500000 6.045000
35.500000 47.500000 6.219000
36.500000 47.500000 6.122000
37.500000 47.500000 6.248000
38.500000 47.500000 6.299000
39.500000 47.500000 6.296000
40.500000 47.500000 6.311000
41.500000 47.500000 6.300000
42.500000 47.500000 6.052000
43.500000 47.500000 6.112000
44.500000 47.500000 6.047000
45.500000 47.500000 6.045000
46.500000 47.500000 6.063000
47.500000 47.500000 6.122000
48.500000 47.500000 5.987000
49.500000 47.500000 6.169000
50.500000 47.500000 6.093000
51.500000 47.500000 5.898000

0.500000 48.500000 6.148000
1.500000 48.500000 6.375000
2.500000 48.500000 6.397000
3.500000 48.500000 6.342000
4.500000 48.500000 6.529000
5.500000 48.500000 6.314000
6.500000 48.500000 6.662000
7.500000 48.500000 6.224000
8.500000 48.500000 6.430000
9.500000 48.500000 6.536000
10.500000 48.500000 6.010000
11.500000 48.500000 6.062000
12.500000 48.500000 6.138000
13.500000 48.500000 6.255000
14.500000 48.500000 6.321000
15.500000 48.500000 6.420000
16.500000 48.500000 6.519000
17.500000 48.500000 6.410000
18.500000 48.500000 6.509000
19.500000 48.500000 6.498000
20.500000 48.500000 6.192000
21.500000 48.500000 6.285000
22.500000 48.500000 6.327000
23.500000 48.500000 6.659000
24.500000 48.500000 6.659000
25.500000 48.500000 6.441000
26.500000 48.500000 6.499000
27.500000 48.500000 6.664000
28.500000 48.500000 6.474000
29.500000 48.500000 6.369000
30.500000 48.500000 6.314000
31.500000 48.500000 6.306000
32.500000 48.500000 6.463000
33.500000 48.500000 6.438000
34.500000 48.500000 6.492000
35.500000 48.500000 6.360000
36.500000 48.500000 6.564000
37.500000 48.500000 6.315000
38.500000 48.500000 6.397000
39.500000 48.500000 6.331000
40.500000 48.500000 6.317000
41.500000 48.500000 6.341000
42.500000 48.500000 6.465000
43.500000 48.500000 6.259000
44.500000 48.500000 6.380000
45.500000 48.500000 6.475000
46.500000 48.500000 6.668000
47.500000 48.500000 6.329000
48.500000 48.500000 6.497000
49.500000 48.500000 6.271000
50.500000 48.500000 6.364000
51.500000 48.500000 6.327000

0.500000 49.500000 6.649000
1.500000 49.500000 6.969000
2.500000 49.500000 6.876000
3.500000 49.500000 6.893000
4.500000 49.500000 6.869000
5.500000 49.500000 6.651000
6.500000 49.500000 6.783000
7.500000 49.500000 6.903000
8.500000 49.500000 6.660000
9.500000 49.500000 6.991000
10.500000 49.500000 6.739000
11.500000 49.500000 6.477000
12.500000 49.500000 6.819000
13.500000 49.500000 7.053000
14.500000 49.500000 6.883000
15.500000 49.500000 6.781000
16.500000 49.500000 6.926000
17.500000 49.500000 7.012000
18.500000 49.500000 7.164000
19.500000 49.500000 6.991000
20.500000 49.500000 6.854000
21.500000 49.500000 6.936000
22.500000 49.500000 6.957000
23.500000 49.500000 7.180000
24.500000 49.500000 7.079000
25.500000 49.500000 6.961000
26.500000 49.500000 7.132000
27.500000 49.500000 7.051000
28.500000 49.500000 7.135000
29.500000 49.500000 6.736000
30.500000 49.500000 6.760000
31.500000 49.500000 6.707000
32.500000 49.500000 6.957000
33.500000 49.500000 7.112000
34.500000 49.500000 6.872000
35.500000 49.500000 7.197000
36.500000 49.500000 6.895000
37.500000 49.500000 6.652000
38.500000 49.500000 6.996000
39.500000 49.500000 6.901000
40.500000 49.500000 6.854000
41.500000 49.500000 6.818000
42.500000 49.500000 6.845000
43.500000 49.500000 6.974000
44.500000 49.500000 6.756000
45.500000 49.500000 6.981000
46.500000 49.500000 6.814000
47.500000 49.500000 6.873000
48.500000 49.500000 6.768000
49.500000 49.500000 6.845000
50.500000 49.500000 6.719000
51.500000 49.500000 6.759000

0.500000 50.500000 7.485000
1.500000 50.500000 7.402000
2.500000 50.500000 7.747000
3.500000 50.500000 7.956000
4.500000 50.500000 7.571000
5.500000 50.500000 7.259000
6.500000 50.500000 7.188000
7.500000 50.500000 7.237000
8.500000 50.500000 7.230000
9.500000 50.500000 7.289000
10.500000 50.500000 7.224000
11.500000 50.500000 7.540000
12.500000 50.500000 7.526000
13.500000 50.500000 7.643000
14.500000 50.500000 7.507000
15.500000 50.500000 7.822000
16.500000 50.500000 7.333000
17.500000 50.500000 7.530000
18.500000 50.500000 7.576000
19.500000 50.500000 7.518000
20.500000 50.500000 7.410000
21.500000 50.500000 7.462000
22.500000 50.500000 7.549000
23.500000 50.500000 7.535000
24.500000 50.500000 7.960000
25.500000 50.500000 7.842000
26.500000 50.500000 7.768000
27.500000 50.500000 7.599000
28.500000 50.500000 7.409000
29.500000 50.500000 7.143000
30.500000 50.500000 7.028000
31.500000 50.500000 7.418000
32.500000 50.500000 7.201000
33.500000 50.500000 7.334000
34.500000 50.500000 7.517000
35.500000 50.500000 7.229000
36.500000 50.500000 7.367000
37.500000 50.500000 7.502000
38.500000 50.500000 7.347000
39.500000 50.500000 7.308000
40.500000 50.500000 7.172000
41.500000 50.500000 7.423000
42.500000 50.500000 7.441000
43.500000 50.500000 7.537000
44.500000 50.500000 7.335000
45.500000 50.500000 7.558000
46.500000 50.500000 7.414000
47.500000 50.500000 7.082000
48.500000 50.500000 7.259000
49.500000 50.500000 7.336000
50.500000 50.500000 7.521000
51.500000 50.500000 7.470000

0.500000 51.500000 8.094000
1.500000 51.500000 7.805000
2.500000 51.500000 8.236000
3.500000 51.500000 8.512000
4.500000 51.500000 8.500000
5.500000 51.500000 8.777000
6.500000 51.500000 8.170000
7.500000 51.500000 8.260000
8.500000 51.500000 8.042000
9.500000 51.500000 8.115000
10.500000 51.500000 8.020000
11.500000 51.500000 8.283000
12.500000 51.500000 8.462000
13.500000 51.500000 8.087000
14.500000 51.500000 8.341000
15.500000 51.500000 8.117000
16.500000 51.500000 7.891000
17.500000 51.500000 8.263000
18.500000 51.500000 8.018000
19.500000 51.500000 8.129000
20.500000 51.500000 8.138000
21.500000 51.500000 8.626000
22.500000 51.500000 8.008000
23.500000 51.500000 8.261000
24.500000 51.500000 8.516000
25.500000 51.500000 8.598000
26.500000 51.500000 7.898000
27.500000 51.500000 7.958000
28.500000 51.500000 8.043000
29.500000 51.500000 7.873000
30.500000 51.500000 8.072000
31.500000 51.500000 7.942000
32.500000 51.500000 8.124000
33.500000 51.500000 8.058000
34.500000 51.500000 8.364000
35.500000 51.500000 8.216000
36.500000 51.500000 8.179000
37.500000 51.500000 8.297000
38.500000 51.500000 7.980000
39.500000 51.500000 7.959000
40.500000 51.500000 7.946000
41.500000 51.500000 7.956000
42.500000 51.500000 8.294000
43.500000 51.500000 8.254000
44.500000 51.500000 8.104000
45.500000 51.500000 8.315000
46.500000 51.500000 8.141000
47.500000 51.500000 8.011000
48.500000 51.500000 8.225000
49.500000 51.500000 8.039000
50.500000 51.500000 8.238000
51.500000 51.500000 8.208000

