0.500000 0.500000 8.342000
1.500000 0.500000 8.385000
2.500000 0.500000 8.541000
3.500000 0.500000 8.259000
4.500000 0.500000 8.274000
5.500000 0.500000 8.074000
6.500000 0.500000 8.307000
7.500000 0.500000 7.962000
8.500000 0.500000 7.923000
9.500000 0.500000 7.890000
10.500000 0.500000 8.052000
11.500000 0.500000 8.261000
12.500000 0.500000 7.993000
13.500000 0.500000 8.021000
14.500000 0.500000 8.285000
15.500000 0.500000 8.126000
16.500000 0.500000 8.212000
17.500000 0.500000 8.269000
18.500000 0.500000 8.356000
19.500000 0.500000 8.190000
20.500000 0.500000 8.319000
21.500000 0.500000 7.885000
22.500000 0.500000 8.014000
23.500000 0.500000 8.186000
24.500000 0.500000 7.961000
25.500000 0.500000 8.055000
26.500000 0.500000 8.034000
27.500000 0.500000 7.984000
28.500000 0.500000 8.186000
29.500000 0.500000 8.414000
30.500000 0.500000 8.212000
31.500000 0.500000 8.207000
32.500000 0.500000 8.337000
33.500000 0.500000 8.124000
34.500000 0.500000 8.212000
35.500000 0.500000 8.316000
36.500000 0.500000 8.243000
37.500000 0.500000 8.403000
38.500000 0.500000 7.954000
39.500000 0.500000 8.286000
40.500000 0.500000 8.317000
41.500000 0.500000 8.382000
42.500000 0.500000 8.223000
43.500000 0.500000 8.090000
44.500000 0.500000 8.102000
45.500000 0.500000 8.113000
46.500000 0.500000 8.445000
47.500000 0.500000 8.137000
48.500000 0.500000 8.199000
49.500000 0.500000 8.062000
50.500000 0.500000 7.919000
51.500000 0.500000 8.224000

0.500000 1.500000 7.316000
1.500000 1.500000 7.650000
2.500000 1.500000 7.555000
3.500000 1.500000 7.694000
4.500000 1.500000 7.837000
5.500000 1.500000 7.553000
6.500000 1.500000 7.354000
7.500000 1.500000 7.208000
8.500000 1.500000 7.372000
9.500000 1.500000 7.589000
10.500000 1.500000 7.564000
11.500000 1.500000 7.542000
12.500000 1.500000 7.372000
13.500000 1.500000 7.214000
14.500000 1.500000 7.450000
15.500000 1.500000 7.528000
16.500000 1.500000 7.394000
17.500000 1.500000 7.394000
18.500000 1.500000 7.524000
19.500000 1.500000 7.642000
20.500000 1.500000 7.581000
21.500000 1.500000 7.239000
22.500000 1.500000 7.288000
23.500000 1.500000 7.258000
24.500000 1.500000 7.270000
25.500000 1.500000 7.356000
26.500000 1.500000 7.588000
27.500000 1.500000 7.611000
28.500000 1.500000 7.456000
29.500000 1.500000 7.635000
30.500000 1.500000 7.260000
31.500000 1.500000 7.221000
32.500000 1.500000 7.540000
33.500000 1.500000 7.509000
34.500000 1.500000 7.670000
35.500000 1.500000 7.350000
36.500000 1.500000 7.476000
37.500000 1.500000 7.430000
38.500000 1.500000 7.396000
39.500000 1.500000 7.404000
40.500000 1.500000 7.769000
41.500000 1.500000 7.287000
42.500000 1.500000 7.480000
43.500000 1.500000 7.469000
44.500000 1.500000 7.320000
45.500000 1.500000 7.558000
46.500000 1.500000 7.507000
47.500000 1.500000 7.556000
48.500000 1.500000 7.541000
49.500000 1.500000 7.600000
50.500000 1.500000 7.252000
51.500000 1.500000 7.569000

0.500000 2.500000 6.713000
1.500000 2.500000 6.923000
2.500000 2.500000 6.909000
3.500000 2.500000 7.172000
4.500000 2.500000 7.080000
5.500000 2.500000 6.989000
6.500000 2.500000 6.822000
7.500000 2.500000 6.793000
8.500000 2.500000 6.736000
9.500000 2.500000 7.018000
10.500000 2.500000 6.968000
11.500000 2.500000 7.146000
12.500000 2.500000 6.915000
13.500000 2.500000 6.903000
14.500000 2.500000 6.822000
15.500000 2.500000 6.842000
16.500000 2.500000 7.061000
17.500000 2.500000 6.882000
18.500000 2.500000 6.860000
19.500000 2.500000 6.978000
20.500000 2.500000 6.951000
21.500000 2.500000 6.742000
22.500000 2.500000 6.638000
23.500000 2.500000 6.917000
24.500000 2.500000 7.036000
25.500000 2.500000 6.912000
26.500000 2.500000 6.894000
27.500000 2.500000 7.065000
28.500000 2.500000 6.879000
29.500000 2.500000 6.956000
30.500000 2.500000 6.808000
31.500000 2.500000 6.940000
32.500000 2.500000 7.027000
33.500000 2.500000 6.969000
34.500000 2.500000 6.946000
35.500000 2.500000 6.944000
36.500000 2.500000 7.013000
37.500000 2.500000 6.812000
38.500000 2.500000 6.618000
39.500000 2.500000 6.922000
40.500000 2.500000 7.042000
41.500000 2.500000 6.822000
42.500000 2.500000 6.890000
43.500000 2.500000 6.814000
44.500000 2.500000 6.784000
45.500000 2.500000 6.666000
46.500000 2.500000 7.008000
47.500000 2.500000 7.001000
48.500000 2.500000 6.936000
49.500000 2.500000 6.972000
50.500000 2.500000 7.040000
51.500000 2.500000 6.779000

0.500000 3.500000 6.493000
1.500000 3.500000 6.676000
2.500000 3.500000 6.303000
3.500000 3.500000 6.497000
4.500000 3.500000 6.358000
5.500000 3.500000 6.450000
6.500000 3.500000 6.492000
7.500000 3.500000 6.378000
8.500000 3.500000 6.655000
9.500000 3.500000 6.310000
10.500000 3.500000 6.299000
11.500000 3.500000 6.540000
12.500000 3.500000 6.714000
13.500000 3.500000 6.620000
14.500000 3.500000 6.473000
15.500000 3.500000 6.501000
16.500000 3.500000 6.573000
17.500000 3.500000 6.444000
18.500000 3.500000 6.367000
19.500000 3.500000 6.332000
20.500000 3.500000 6.437000
21.500000 3.500000 6.336000
22.500000 3.500000 6.283000
23.500000 3.500000 6.309000
24.500000 3.500000 6.457000
25.500000 3.500000 6.243000
26.500000 3.500000 6.350000
27.500000 3.500000 6.389000
28.500000 3.500000 6.355000
29.500000 3.500000 6.585000
30.500000 3.500000 6.524000
31.500000 3.500000 6.375000
32.500000 3.500000 6.527000
33.500000 3.500000 6.659000
34.500000 3.500000 6.449000
35.500000 3.500000 6.738000
36.500000 3.500000 6.534000
37.500000 3.500000 6.583000
38.500000 3.500000 6.705000
39.500000 3.500000 6.424000
40.500000 3.500000 6.592000
41.500000 3.500000 6.239000
42.500000 3.500000 6.535000
43.500000 3.500000 6.333000
44.500000 3.500000 6.145000
45.500000 3.500000 6.651000
46.500000 3.500000 6.591000
47.500000 3.500000 6.550000
48.500000 3.500000 6.479000
49.500000 3.500000 6.724000
50.500000 3.500000 6.703000
51.500000 3.500000 6.582000

0.500000 4.500000 6.098000
1.500000 4.500000 6.283000
2.500000 4.500000 6.211000
3.500000 4.500000 6.259000
4.500000 4.500000 6.296000
5.500000 4.500000 6.146000
6.500000 4.500000 6.190000
7.500000 4.500000 6.232000
8.500000 4.500000 6.316000
9.500000 4.500000 6.247000
10.500000 4.500000 6.250000
11.500000 4.500000 6.239000
12.500000 4.500000 6.252000
13.500000 4.500000 6.045000
14.500000 4.500000 6.036000
15.500000 4.500000 5.883000
16.500000 4.500000 6.142000
17.500000 4.500000 6.116000
18.500000 4.500000 6.243000
19.500000 4.500000 6.067000
20.500000 4.500000 6.017000
21.500000 4.500000 5.868000
22.500000 4.500000 5.953000
23.500000 4.500000 6.085000
24.500000 4.500000 5.915000
25.500000 4.500000 5.895000
26.500000 4.500000 5.926000
27.500000 4.500000 6.315000
28.500000 4.500000 6.068000
29.500000 4.500000 6.081000
30.500000 4.500000 6.083000
31.500000 4.500000 5.895000
32.500000 4.500000 6.131000
33.500000 4.500000 6.174000
34.500000 4.500000 6.136000
35.500000 4.500000 6.099000
36.500000 4.500000 6.039000
37.500000 4.500000 6.253000
38.500000 4.500000 6.068000
39.500000 4.500000 6.178000
40.500000 4.500000 6.257000
41.500000 4.500000 6.012000
42.500000 4.500000 6.067000
43.500000 4.500000 5.905000
44.500000 4.500000 5.842000
45.500000 4.500000 6.009000
46.500000 4.500000 6.185000
47.500000 4.500000 6.312000
48.500000 4.500000 6.058000
49.500000 4.500000 6.195000
50.500000 4.500000 6.304000
51.500000 4.500000 6.139000

0.500000 5.500000 5.965000
1.500000 5.500000 5.672000
2.500000 5.500000 5.746000
3.500000 5.500000 5.997000
4.500000 5.500000 5.883000
5.500000 5.500000 5.728000
6.500000 5.500000 5.764000
7.500000 5.500000 5.829000
8.500000 5.500000 5.929000
9.500000 5.500000 5.875000
10.500000 5.500000 5.959000
11.500000 5.500000 5.874000
12.500000 5.500000 5.890000
13.500000 5.500000 5.822000
14.500000 5.500000 5.690000
15.500000 5.500000 5.753000
16.500000 5.500000 5.885000
17.500000 5.500000 5.938000
18.500000 5.500000 5.817000
19.500000 5.500000 5.785000
20.500000 5.500000 5.709000
21.500000 5.500000 5.745000
22.500000 5.500000 5.760000
23.500000 5.500000 5.849000
24.500000 5.500000 5.901000
25.500000 5.500000 5.710000
26.500000 5.500000 5.636000
27.500000 5.500000 5.877000
28.500000 5.500000 5.924000
29.500000 5.500000 5.896000
30.500000 5.500000 5.819000
31.500000 5.500000 5.706000
32.500000 5.500000 5.799000
33.500000 5.500000 5.954000
34.500000 5.500000 5.831000
35.500000 5.500000 5.914000
36.500000 5.500000 5.996000
37.500000 5.500000 6.017000
38.500000 5.500000 5.973000
39.500000 5.500000 6.043000
40.500000 5.500000 5.718000
41.500000 5.500000 6.037000
42.500000 5.500000 5.742000
43.500000 5.500000 5.800000
44.500000 5.500000 5.815000
45.500000 5.500000 5.750000
46.500000 5.500000 5.774000
47.500000 5.500000 5.760000
48.500000 5.500000 5.851000
49.500000 5.500000 5.770000
50.500000 5.500000 5.928000
51.500000 5.500000 5.851000

0.500000 6.500000 5.676000
1.500000 6.500000 5.353000
2.500000 6.500000 5.747000
3.500000 6.500000 5.764000
4.500000 6.500000 5.689000
5.500000 6.500000 5.699000
6.500000 6.500000 5.495000
7.500000 6.500000 5.773000
8.500000 6.500000 5.615000
9.500000 6.500000 5.741000
10.500000 6.500000 6.008000
11.500000 6.500000 5.648000
12.500000 6.500000 5.437000
13.500000 6.500000 5.630000
14.500000 6.500000 5.596000
15.500000 6.500000 5.551000
16.500000 6.500000 5.763000
17.500000 6.500000 5.456000
18.500000 6.500000 5.652000
19.500000 6.500000 5.466000
20.500000 6.500000 5.409000
21.500000 6.500000 5.508000
22.500000 6.500000 5.722000
23.500000 6.500000 5.566000
24.500000 6.500000 5.406000
25.500000 6.500000 5.441000
26.500000 6.500000 5.504000
27.500000 6.500000 5.473000
28.500000 6.500000 5.597000
29.500000 6.500000 5.577000
30.500000 6.500000 5.718000
31.500000 6.500000 5.599000
32.500000 6.500000 5.490000
33.500000 6.500000 5.647000
34.500000 6.500000 5.602000
35.500000 6.500000 5.545000
36.500000 6.500000 5.637000
37.500000 6.500000 5.556000
38.500000 6.500000 5.939000
39.500000 6.500000 5.783000
40.500000 6.500000 5.814000
41.500000 6.500000 5.778000
42.500000 6.500000 5.726000
43.500000 6.500000 5.529000
44.500000 6.500000 5.403000
45.500000 6.500000 5.479000
46.500000 6.500000 5.343000
47.500000 6.500000 5.422000
48.500000 6.500000 5.205000
49.500000 6.500000 5.613000
50.500000 6.500000 5.764000
51.500000 6.500000 5.567000

0.500000 7.500000 5.590000
1.500000 7.500000 5.489000
2.500000 7.500000 5.653000
3.500000 7.500000 5.539000
4.500000 7.500000 5.423000
5.500000 7.500000 5.341000
6.500000 7.500000 5.468000
7.500000 7.500000 5.428000
8.500000 7.500000 5.389000
9.500000 7.500000 5.711000
10.500000 7.500000 5.827000
11.500000 7.500000 5.485000
12.500000 7.500000 5.394000
13.500000 7.500000 5.499000
14.500000 7.500000 5.535000
15.500000 7.500000 5.616000
16.500000 7.500000 5.328000
17.500000 7.500000 5.404000
18.500000 7.500000 5.383000
19.500000 7.500000 5.230000
20.500000 7.500000 5.132000
21.500000 7.500000 5.157000
22.500000 7.500000 5.515000
23.500000 7.500000 5.146000
24.500000 7.500000 5.191000
25.500000 7.500000 5.223000
26.500000 7.500000 5.367000
27.500000 7.500000 5.273000
28.500000 7.500000 5.591000
29.500000 7.500000 5.278000
30.500000 7.500000 5.299000
31.500000 7.500000 5.495000
32.500000 7.500000 5.393000
33.500000 7.500000 5.439000
34.500000 7.500000 5.368000
35.500000 7.500000 5.416000
36.500000 7.500000 5.502000
37.500000 7.500000 5.326000
38.500000 7.500000 5.424000
39.500000 7.500000 5.367000
40.500000 7.500000 5.682000
41.500000 7.500000 5.463000
42.500000 7.500000 5.502000
43.500000 7.500000 5.391000
44.500000 7.500000 5.383000
45.500000 7.500000 5.293000
46.500000 7.500000 5.159000
47.500000 7.500000 5.440000
48.500000 7.500000 5.388000
49.500000 7.500000 5.313000
50.500000 7.500000 5.496000
51.500000 7.500000 5.421000

0.500000 8.500000 5.178000
1.500000 8.500000 5.179000
2.500000 8.500000 5.411000
3.500000 8.500000 5.138000
4.500000 8.500000 5.291000
5.500000 8.500000 5.264000
6.500000 8.500000 5.112000
7.500000 8.500000 5.271000
8.500000 8.500000 5.464000
9.500000 8.500000 5.192000
10.500000 8.500000 5.218000
11.500000 8.500000 5.322000
12.500000 8.500000 5.205000
13.500000 8.500000 5.448000
14.500000 8.500000 5.348000
15.500000 8.500000 5.278000
16.500000 8.500000 5.139000
17.500000 8.500000 4.911000
18.500000 8.500000 5.157000
19.500000 8.500000 5.046000
20.500000 8.500000 4.972000
21.500000 8.500000 4.982000
22.500000 8.500000 5.177000
23.500000 8.500000 4.974000
24.500000 8.500000 4.961000
25.500000 8.500000 5.136000
26.500000 8.500000 5.028000
27.500000 8.500000 4.883000
28.500000 8.500000 5.084000
29.500000 8.500000 5.094000
30.500000 8.500000 5.230000
31.500000 8.500000 5.386000
32.500000 8.500000 5.305000
33.500000 8.500000 5.208000
34.500000 8.500000 5.263000
35.500000 8.500000 5.289000
36.500000 8.500000 5.252000
37.500000 8.500000 5.110000
38.500000 8.500000 5.059000
39.500000 8.500000 5.131000
40.500000 8.500000 5.292000
41.500000 8.500000 5.206000
42.500000 8.500000 5.352000
43.500000 8.500000 5.003000
44.500000 8.500000 5.191000
45.500000 8.500000 5.126000
46.500000 8.500000 5.178000
47.500000 8.500000 5.036000
48.500000 8.500000 5.096000
49.500000 8.500000 4.909000
50.500000 8.500000 5.170000
51.500000 8.500000 5.366000

0.500000 9.500000 5.086000
1.500000 9.500000 5.190000
2.500000 9.500000 5.157000
3.500000 9.500000 5.196000
4.500000 9.500000 5.136000
5.500000 9.500000 5.195000
6.500000 9.500000 5.192000
7.500000 9.500000 5.143000
8.500000 9.500000 5.030000
9.500000 9.500000 4.895000
10.500000 9.500000 5.103000
11.500000 9.500000 5.135000
12.500000 9.500000 4.875000
13.500000 9.500000 5.108000
14.500000 9.500000 5.258000
15.500000 9.500000 5.184000
16.500000 9.500000 4.937000
17.500000 9.500000 4.996000
18.500000 9.500000 5.146000
19.500000 9.500000 4.812000
20.500000 9.500000 4.843000
21.500000 9.500000 4.921000
22.500000 9.500000 4.958000
23.500000 9.500000 4.728000
24.500000 9.500000 4.846000
25.500000 9.500000 4.685000
26.500000 9.500000 4.818000
27.500000 9.500000 4.774000
28.500000 9.500000 4.932000
29.500000 9.500000 4.910000
30.500000 9.500000 4.819000
31.500000 9.500000 4.989000
32.500000 9.500000 5.096000
33.500000 9.500000 5.110000
34.500000 9.500000 5.184000
35.500000 9.500000 5.034000
36.500000 9.500000 5.033000
37.500000 9.500000 4.929000
38.500000 9.500000 4.926000
39.500000 9.500000 5.068000
40.500000 9.500000 4.962000
41.500000 9.500000 4.965000
42.500000 9.500000 4.988000
43.500000 9.500000 5.034000
44.500000 9.500000 5.036000
45.500000 9.500000 4.857000
46.500000 9.500000 4.978000
47.500000 9.500000 5.092000
48.500000 9.500000 5.051000
49.500000 9.500000 5.022000
50.500000 9.500000 5.013000
51.500000 9.500000 5.117000

0.500000 10.500000 5.060000
1.500000 10.500000 5.054000
2.500000 10.500000 4.914000
3.500000 10.500000 4.666000
4.500000 10.500000 4.830000
5.500000 10.500000 4.921000
6.500000 10.500000 4.919000
7.500000 10.500000 4.947000
8.500000 10.500000 4.914000
9.500000 10.500000 4.809000
10.500000 10.500000 4.975000
11.500000 10.500000 4.886000
12.500000 10.500000 4.831000
13.500000 10.500000 4.857000
14.500000 10.500000 5.060000
15.500000 10.500000 4.846000
16.500000 10.500000 4.856000
17.500000 10.500000 4.791000
18.500000 10.500000 4.844000
19.500000 10.500000 4.778000
20.500000 10.500000 4.713000
21.500000 10.500000 4.741000
22.500000 10.500000 4.543000
23.500000 10.500000 4.485000
24.500000 10.500000 4.642000
25.500000 10.500000 4.687000
26.500000 10.500000 4.705000
27.500000 10.500000 4.596000
28.500000 10.500000 4.688000
29.500000 10.500000 4.647000
30.500000 10.500000 4.699000
31.500000 10.500000 4.769000
32.500000 10.500000 4.838000
33.500000 10.500000 4.962000
34.500000 10.500000 4.855000
35.500000 10.500000 4.678000
36.500000 10.500000 4.694000
37.500000 10.500000 4.737000
38.500000 10.500000 4.659000
39.500000 10.500000 4.823000
40.500000 10.500000 4.934000
41.500000 10.500000 4.852000
42.500000 10.500000 4.797000
43.500000 10.500000 4.872000
44.500000 10.500000 4.822000
45.500000 10.500000 4.863000
46.500000 10.500000 4.853000
47.500000 10.500000 4.833000
48.500000 10.500000 4.959000
49.500000 10.500000 4.803000
50.500000 10.500000 4.998000
51.500000 10.500000 5.029000

0.500000 11.500000 4.984000
1.500000 11.500000 4.823000
2.500000 11.500000 4.709000
3.500000 11.500000 4.737000
4.500000 11.500000 4.818000
5.500000 11.500000 4.887000
6.500000 11.500000 4.794000
7.500000 11.500000 4.590000
8.500000 11.500000 4.798000
9.500000 11.500000 4.713000
10.500000 11.500000 4.945000
11.500000 11.500000 4.911000
12.500000 11.500000 4.579000
13.500000 11.500000 4.647000
14.500000 11.500000 4.712000
15.500000 11.500000 4.745000
16.500000 11.500000 4.651000
17.500000 11.500000 4.828000
18.500000 11.500000 4.658000
19.500000 11.500000 4.778000
20.500000 11.500000 4.631000
21.500000 11.500000 4.527000
22.500000 11.500000 4.619000
23.500000 11.500000 4.409000
24.500000 11.500000 4.561000
25.500000 11.500000 4.403000
26.500000 11.500000 4.553000
27.500000 11.500000 4.507000
28.500000 11.500000 4.669000
29.500000 11.500000 4.697000
30.500000 11.500000 4.369000
31.500000 11.500000 4.713000
32.500000 11.500000 4.761000
33.500000 11.500000 4.615000
34.500000 11.500000 4.600000
35.500000 11.500000 4.672000
36.500000 11.500000 4.687000
37.500000 11.500000 4.684000
38.500000 11.500000 4.725000
39.500000 11.500000 4.626000
40.500000 11.500000 4.760000
41.500000 11.500000 4.498000
42.500000 11.500000 4.669000
43.500000 11.500000 4.686000
44.500000 11.500000 4.783000
45.500000 11.500000 4.596000
46.500000 11.500000 4.780000
47.500000 11.500000 4.800000
48.500000 11.500000 4.840000
49.500000 11.500000 5.060000
50.500000 11.500000 4.955000
51.500000 11.500000 4.939000

0.500000 12.500000 4.656000
1.500000 12.500000 4.684000
2.500000 12.500000 4.524000
3.500000 12.500000 4.813000
4.500000 12.500000 4.669000
5.500000 12.500000 4.578000
6.500000 12.500000 4.705000
7.500000 12.500000 4.647000
8.500000 12.500000 4.620000
9.500000 12.500000 4.631000
10.500000 12.500000 4.717000
11.500000 12.500000 4.635000
12.500000 12.500000 4.550000
13.500000 12.500000 4.594000
14.500000 12.500000 4.641000
15.500000 12.500000 4.671000
16.500000 12.500000 4.698000
17.500000 12.500000 4.610000
18.500000 12.500000 4.586000
19.500000 12.500000 4.566000
20.500000 12.500000 4.612000
21.500000 12.500000 4.599000
22.500000 12.500000 4.581000
23.500000 12.500000 4.561000
24.500000 12.500000 4.451000
25.500000 12.500000 4.393000
26.500000 12.500000 4.439000
27.500000 12.500000 4.391000
28.500000 12.500000 4.559000
29.500000 12.500000 4.686000
30.500000 12.500000 4.549000
31.500000 12.500000 4.467000
32.500000 12.500000 4.375000
33.500000 12.500000 4.543000
34.500000 12.500000 4.612000
35.500000 12.500000 4.672000
36.500000 12.500000 4.468000
37.500000 12.500000 4.531000
38.500000 12.500000 4.527000
39.500000 12.500000 4.554000
40.500000 12.500000 4.489000
41.500000 12.500000 4.505000
42.500000 12.500000 4.451000
43.500000 12.500000 4.749000
44.500000 12.500000 4.861000
45.500000 12.500000 4.523000
46.500000 12.500000 4.689000
47.500000 12.500000 4.734000
48.500000 12.500000 4.775000
49.500000 12.500000 4.832000
50.500000 12.500000 4.759000
51.500000 12.500000 4.539000

0.500000 13.500000 4.653000
1.500000 13.500000 4.675000
2.500000 13.500000 4.760000
3.500000 13.500000 4.671000
4.500000 13.500000 4.566000
5.500000 13.500000 4.598000
6.500000 13.500000 4.444000
7.500000 13.500000 4.377000
8.500000 13.500000 4.310000
9.500000 13.500000 4.530000
10.500000 13.500000 4.554000
11.500000 13.500000 4.448000
12.500000 13.500000 4.524000
13.500000 13.500000 4.423000
14.500000 13.500000 4.390000
15.500000 13.500000 4.738000
16.500000 13.500000 4.530000
17.500000 13.500000 4.346000
18.500000 13.500000 4.457000
19.500000 13.500000 4.788000
20.500000 13.500000 4.593000
21.500000 13.500000 4.568000
22.500000 13.500000 4.419000
23.500000 13.500000 4.459000
24.500000 13.500000 4.397000
25.500000 13.500000 4.344000
26.500000 13.500000 4.398000
27.500000 13.500000 4.336000
28.500000 13.500000 4.317000
29.500000 13.500000 4.508000
30.500000 13.500000 4.358000
31.500000 13.500000 4.415000
32.500000 13.500000 4.492000
33.500000 13.500000 4.453000
34.500000 13.500000 4.403000
35.500000 13.500000 4.342000
36.500000 13.500000 4.314000
37.500000 13.500000 4.397000
38.500000 13.500000 4.392000
39.500000 13.500000 4.311000
40.500000 13.500000 4.364000
41.500000 13.500000 4.340000
42.500000 13.500000 4.394000
43.500000 13.500000 4.563000
44.500000 13.500000 4.578000
45.500000 13.500000 4.394000
46.500000 13.500000 4.347000
47.500000 13.500000 4.357000
48.500000 13.500000 4.510000
49.500000 13.500000 4.735000
50.500000 13.500000 4.576000
51.500000 13.500000 4.623000

0.500000 14.500000 4.404000
1.500000 14.500000 4.584000
2.500000 14.500000 4.698000
3.500000 14.500000 4.610000
4.500000 14.500000 4.610000
5.500000 14.500000 4.576000
6.500000 14.500000 4.394000
7.500000 14.500000 4.311000
8.500000 14.500000 4.400000
9.500000 14.500000 4.237000
10.500000 14.500000 4.371000
11.500000 14.500000 4.402000
12.500000 14.500000 4.288000
13.500000 14.500000 4.425000
14.500000 14.500000 4.294000
15.500000 14.500000 4.592000
16.500000 14.500000 4.557000
17.500000 14.500000 4.368000
18.500000 14.500000 4.311000
19.500000 14.500000 4.441000
20.500000 14.500000 4.566000
21.500000 14.500000 4.296000
22.500000 14.500000 4.414000
23.500000 14.500000 4.422000
24.500000 14.500000 4.238000
25.500000 14.500000 4.329000
26.500000 14.500000 4.274000
27.500000 14.500000 4.309000
28.500000 14.500000 4.261000
29.500000 14.500000 4.389000
30.500000 14.500000 4.461000
31.500000 14.500000 4.304000
32.500000 14.500000 4.556000
33.500000 14.500000 4.344000
34.500000 14.500000 4.341000
35.500000 14.500000 4.390000
36.500000 14.500000 4.281000
37.500000 14.500000 4.257000
38.500000 14.500000 4.286000
39.500000 14.500000 4.324000
40.500000 14.500000 4.464000
41.500000 14.500000 4.524000
42.500000 14.500000 4.334000
43.500000 14.500000 4.365000
44.500000 14.500000 4.260000
45.500000 14.500000 4.432000
46.500000 14.500000 4.289000
47.500000 14.500000 4.385000
48.500000 14.500000 4.379000
49.500000 14.500000 4.536000
50.500000 14.500000 4.482000
51.500000 14.500000 4.407000

0.500000 15.500000 4.440000
1.500000 15.500000 4.351000
2.500000 15.500000 4.358000
3.500000 15.500000 4.458000
4.500000 15.500000 4.516000
5.500000 15.500000 4.427000
6.500000 15.500000 4.233000
7.500000 15.500000 4.338000
8.500000 15.500000 4.412000
9.500000 15.500000 4.347000
10.500000 15.500000 4.412000
11.500000 15.500000 4.326000
12.500000 15.500000 4.305000
13.500000 15.500000 4.351000
14.500000 15.500000 4.559000
15.500000 15.500000 4.490000
16.500000 15.500000 4.414000
17.500000 15.500000 4.473000
18.500000 15.500000 4.264000
19.500000 15.500000 4.424000
20.500000 15.500000 4.237000
21.500000 15.500000 4.277000
22.500000 15.500000 4.422000
23.500000 15.500000 4.377000
24.500000 15.500000 4.264000
25.500000 15.500000 4.165000
26.500000 15.500000 4.204000
27.500000 15.500000 4.247000
28.500000 15.500000 4.304000
29.500000 15.500000 4.101000
30.500000 15.500000 4.214000
31.500000 15.500000 4.381000
32.500000 15.500000 4.134000
33.500000 15.500000 4.238000
34.500000 15.500000 4.147000
35.500000 15.500000 4.270000
36.500000 15.500000 4.416000
37.500000 15.500000 4.304000
38.500000 15.500000 4.245000
39.500000 15.500000 4.173000
40.500000 15.500000 4.259000
41.500000 15.500000 4.256000
42.500000 15.500000 4.282000
43.500000 15.500000 4.225000
44.500000 15.500000 4.274000
45.500000 15.500000 4.073000
46.500000 15.500000 4.158000
47.500000 15.500000 4.268000
48.500000 15.500000 4.188000
49.500000 15.500000 4.461000
50.500000 15.500000 4.490000
51.500000 15.500000 4.421000

0.500000 16.500000 4.232000
1.500000 16.500000 4.488000
2.500000 16.500000 4.339000
3.500000 16.500000 4.424000
4.500000 16.500000 4.335000
5.500000 16.500000 4.288000
6.500000 16.500000 4.283000
7.500000 16.500000 4.273000
8.500000 16.500000 4.260000
9.500000 16.500000 4.389000
10.500000 16.500000 4.291000
11.500000 16.500000 4.188000
12.500000 16.500000 4.312000
13.500000 16.500000 4.134000
14.500000 16.500000 4.219000
15.500000 16.500000 4.321000
16.500000 16.500000 4.268000
17.500000 16.500000 4.372000
18.500000 16.500000 4.367000
19.500000 16.500000 4.391000
20.500000 16.500000 4.355000
21.500000 16.500000 4.279000
22.500000 16.500000 4.167000
23.500000 16.500000 4.310000
24.500000 16.500000 4.255000
25.500000 16.500000 4.013000
26.500000 16.500000 4.157000
27.500000 16.500000 4.196000
28.500000 16.500000 4.387000
29.500000 16.500000 4.121000
30.500000 16.500000 4.165000
31.500000 16.500000 4.252000
32.500000 16.500000 4.120000
33.500000 16.500000 4.243000
34.500000 16.500000 4.047000
35.500000 16.500000 4.233000
36.500000 16.500000 4.231000
37.500000 16.500000 4.108000
38.500000 16.500000 4.301000
39.500000 16.500000 4.416000
40.500000 16.500000 4.017000
41.500000 16.500000 4.071000
42.500000 16.500000 4.346000
43.500000 16.500000 4.241000
44.500000 16.500000 4.118000
45.500000 16.500000 4.072000
46.500000 16.500000 3.967000
47.500000 16.500000 4.067000
48.500000 16.500000 4.067000
49.500000 16.500000 4.187000
50.500000 16.500000 4.179000
51.500000 16.500000 4.428000

0.500000 17.500000 4.079000
1.500000 17.500000 4.363000
2.500000 17.500000 4.316000
3.500000 17.500000 4.370000
4.500000 17.500000 4.197000
5.500000 17.500000 4.241000
6.500000 17.500000 4.287000
7.500000 17.500000 4.168000
8.500000 17.500000 4.177000
9.500000 17.500000 4.100000
10.500000 17.500000 4.213000
11.500000 17.500000 4.213000
12.500000 17.500000 4.255000
13.500000 17.500000 4.212000
14.500000 17.500000 4.181000
15.500000 17.500000 4.107000
16.500000 17.500000 4.354000
17.500000 17.500000 4.324000
18.500000 17.500000 4.367000
19.500000 17.500000 4.262000
20.500000 17.500000 4.251000
21.500000 17.500000 4.312000
22.500000 17.500000 4.114000
23.500000 17.500000 4.137000
24.500000 17.500000 4.162000
25.500000 17.500000 4.247000
26.500000 17.500000 4.148000
27.500000 17.500000 4.123000
28.500000 17.500000 4.166000
29.500000 17.500000 4.141000
30.500000 17.500000 4.039000
31.500000 17.500000 4.121000
32.500000 17.500000 4.123000
33.500000 17.500000 4.097000
34.500000 17.500000 4.211000
35.500000 17.500000 4.206000
36.500000 17.500000 4.231000
37.500000 17.500000 4.103000
38.500000 17.500000 4.163000
39.500000 17.500000 4.277000
40.500000 17.500000 4.091000
41.500000 17.500000 3.988000
42.500000 17.500000 3.995000
43.500000 17.500000 3.981000
44.500000 17.500000 3.950000
45.500000 17.500000 3.934000
46.500000 17.500000 3.954000
47.500000 17.500000 4.059000
48.500000 17.500000 4.030000
49.500000 17.500000 3.938000
50.500000 17.500000 3.953000
51.500000 17.500000 4.193000

0.500000 18.500000 4.246000
1.500000 18.500000 4.114000
2.500000 18.500000 4.179000
3.500000 18.500000 4.200000
4.500000 18.500000 4.156000
5.500000 18.500000 4.259000
6.500000 18.500000 4.150000
7.500000 18.500000 4.214000
8.500000 18.500000 4.041000
9.500000 18.500000 4.012000
10.500000 18.500000 4.138000
11.500000 18.500000 4.341000
12.500000 18.500000 4.302000
13.500000 18.500000 4.277000
14.500000 18.500000 4.165000
15.500000 18.500000 4.059000
16.500000 18.500000 4.021000
17.500000 18.500000 4.270000
18.500000 18.500000 4.234000
19.500000 18.500000 4.052000
20.500000 18.500000 4.281000
21.500000 18.500000 4.199000
22.500000 18.500000 4.199000
23.500000 18.500000 4.086000
24.500000 18.500000 4.115000
25.500000 18.500000 3.998000
26.500000 18.500000 4.032000
27.500000 18.500000 4.196000
28.500000 18.500000 4.257000
29.500000 18.500000 4.078000
30.500000 18.500000 4.047000
31.500000 18.500000 3.951000
32.500000 18.500000 4.075000
33.500000 18.500000 4.022000
34.500000 18.500000 3.942000
35.500000 18.500000 4.024000
36.500000 18.500000 4.072000
37.500000 18.500000 3.975000
38.500000 18.500000 3.961000
39.500000 18.500000 4.049000
40.500000 18.500000 4.209000
41.500000 18.500000 4.058000
42.500000 18.500000 4.077000
43.500000 18.500000 3.971000
44.500000 18.500000 3.994000
45.500000 18.500000 3.915000
46.500000 18.500000 3.910000
47.500000 18.500000 4.052000
48.500000 18.500000 4.081000
49.500000 18.500000 4.031000
50.500000 18.500000 4.053000
51.500000 18.500000 4.027000

0.500000 19.500000 3.951000
1.500000 19.500000 4.003000
2.500000 19.500000 4.106000
3.500000 19.500000 4.206000
4.500000 19.500000 4.354000
5.500000 19.500000 4.351000
6.500000 19.500000 4.263000
7.500000 19.500000 4.001000
8.500000 19.500000 4.130000
9.500000 19.500000 4.183000
10.500000 19.500000 4.329000
11.500000 19.500000 4.062000
12.500000 19.500000 4.156000
13.500000 19.500000 4.313000
14.500000 19.500000 4.259000
15.500000 19.500000 4.262000
16.500000 19.500000 4.190000
17.500000 19.500000 4.227000
18.500000 19.500000 4.214000
19.500000 19.500000 4.190000
20.500000 19.500000 4.030000
21.500000 19.500000 4.189000
22.500000 19.500000 4.143000
23.500000 19.500000 4.102000
24.500000 19.500000 4.229000
25.500000 19.500000 4.066000
26.500000 19.500000 4.120000
27.500000 19.500000 4.001000
28.500000 19.500000 3.985000
29.500000 19.500000 4.069000
30.500000 19.500000 4.036000
31.500000 19.500000 4.005000
32.500000 19.500000 4.098000
33.500000 19.500000 4.007000
34.500000 19.500000 3.904000
35.500000 19.500000 4.137000
36.500000 19.500000 4.193000
37.500000 19.500000 3.974000
38.500000 19.500000 3.929000
39.500000 19.500000 4.009000
40.500000 19.500000 4.046000
41.500000 19.500000 4.188000
42.500000 19.500000 4.005000
43.500000 19.500000 3.929000
44.500000 19.500000 4.007000
45.500000 19.500000 3.894000
46.500000 19.500000 4.101000
47.500000 19.500000 3.901000
48.500000 19.500000 4.017000
49.500000 19.500000 4.064000
50.500000 19.500000 4.122000
51.500000 19.500000 4.010000

0.500000 20.500000 3.939000
1.500000 20.500000 3.958000
2.500000 20.500000 3.986000
3.500000 20.500000 4.096000
4.500000 20.500000 4.175000
5.500000 20.500000 3.983000
6.500000 20.500000 3.967000
7.500000 20.500000 4.197000
8.500000 20.500000 4.172000
9.500000 20.500000 4.233000
10.500000 20.500000 4.197000
11.500000 20.500000 4.255000
12.500000 20.500000 4.143000
13.500000 20.500000 3.984000
14.500000 20.500000 4.015000
15.500000 20.500000 4.035000
16.500000 20.500000 4.303000
17.500000 20.500000 4.156000
18.500000 20.500000 3.989000
19.500000 20.500000 4.041000
20.500000 20.500000 4.087000
21.500000 20.500000 4.168000
22.500000 20.500000 4.172000
23.500000 20.500000 4.089000
24.500000 20.500000 4.151000
25.500000 20.500000 4.024000
26.500000 20.500000 4.070000
27.500000 20.500000 4.116000
28.500000 20.500000 4.078000
29.500000 20.500000 3.840000
30.500000 20.500000 3.929000
31.500000 20.500000 3.936000
32.500000 20.500000 3.984000
33.500000 20.500000 3.911000
34.500000 20.500000 4.022000
35.500000 20.500000 4.002000
36.500000 20.500000 3.937000
37.500000 20.500000 3.868000
38.500000 20.500000 4.079000
39.500000 20.500000 4.047000
40.500000 20.500000 4.041000
41.500000 20.500000 3.999000
42.500000 20.500000 3.924000
43.500000 20.500000 3.962000
44.500000 20.500000 3.914000
45.500000 20.500000 3.955000
46.500000 20.500000 4.057000
47.500000 20.500000 4.010000
48.500000 20.500000 3.941000
49.500000 20.500000 3.940000
50.500000 20.500000 4.017000
51.500000 20.500000 3.964000

0.500000 21.500000 4.006000
1.500000 21.500000 3.904000
2.500000 21.500000 3.991000
3.500000 21.500000 4.041000
4.500000 21.500000 3.978000
5.500000 21.500000 4.053000
6.500000 21.500000 3.940000
7.500000 21.500000 4.076000
8.500000 21.500000 4.239000
9.500000 21.500000 4.188000
10.500000 21.500000 4.212000
11.500000 21.500000 4.230000
12.500000 21.500000 4.269000
13.500000 21.500000 4.159000
14.500000 21.500000 4.111000
15.500000 21.500000 4.115000
16.500000 21.500000 4.006000
17.500000 21.500000 4.019000
18.500000 21.500000 3.982000
19.500000 21.500000 4.095000
20.500000 21.500000 4.211000
21.500000 21.500000 4.169000
22.500000 21.500000 4.002000
23.500000 21.500000 4.060000
24.500000 21.500000 3.940000
25.500000 21.500000 3.967000
26.500000 21.500000 3.936000
27.500000 21.500000 4.064000
28.500000 21.500000 3.958000
29.500000 21.500000 3.947000
30.500000 21.500000 3.887000
31.500000 21.500000 3.889000
32.500000 21.500000 3.951000
33.500000 21.500000 4.156000
34.500000 21.500000 3.905000
35.500000 21.500000 3.929000
36.500000 21.500000 3.950000
37.500000 21.500000 3.903000
38.500000 21.500000 3.949000
39.500000 21.500000 4.008000
40.500000 21.500000 4.020000
41.500000 21.500000 4.182000
42.500000 21.500000 4.092000
43.500000 21.500000 4.015000
44.500000 21.500000 3.893000
45.500000 21.500000 3.964000
46.500000 21.500000 3.877000
47.500000 21.500000 4.144000
48.500000 21.500000 4.027000
49.500000 21.500000 3.952000
50.500000 21.500000 4.053000
51.500000 21.500000 3.951000

0.500000 22.500000 3.983000
1.500000 22.500000 3.883000
2.500000 22.500000 3.969000
3.500000 22.500000 4.152000
4.500000 22.500000 4.081000
5.500000 22.500000 4.021000
6.500000 22.500000 4.026000
7.500000 22.500000 4.098000
8.500000 22.500000 4.097000
9.500000 22.500000 4.118000
10.500000 22.500000 4.019000
11.500000 22.500000 4.095000
12.500000 22.500000 4.266000
13.500000 22.500000 4.088000
14.500000 22.500000 4.092000
15.500000 22.500000 4.166000
16.500000 22.500000 4.200000
17.500000 22.500000 4.107000
18.500000 22.500000 4.162000
19.500000 22.500000 4.183000
20.500000 22.500000 4.202000
21.500000 22.500000 4.096000
22.500000 22.500000 4.110000
23.500000 22.500000 4.150000
24.500000 22.500000 3.962000
25.500000 22.500000 3.988000
26.500000 22.500000 3.997000
27.500000 22.500000 3.895000
28.500000 22.500000 3.846000
29.500000 22.500000 4.089000
30.500000 22.500000 3.860000
31.500000 22.500000 3.836000
32.500000 22.500000 4.011000
33.500000 22.500000 3.994000
34.500000 22.500000 3.939000
35.500000 22.500000 3.994000
36.500000 22.500000 3.931000
37.500000 22.500000 3.940000
38.500000 22.500000 4.070000
39.500000 22.500000 3.861000
40.500000 22.500000 3.914000
41.500000 22.500000 4.038000
42.500000 22.500000 4.038000
43.500000 22.500000 4.163000
44.500000 22.500000 3.811000
45.500000 22.500000 3.795000
46.500000 22.500000 3.853000
47.500000 22.500000 4.134000
48.500000 22.500000 3.863000
49.500000 22.500000 3.987000
50.500000 22.500000 4.079000
51.500000 22.500000 3.962000

0.500000 23.500000 4.177000
1.500000 23.500000 3.928000
2.500000 23.500000 4.055000
3.500000 23.500000 3.968000
4.500000 23.500000 3.969000
5.500000 23.500000 3.951000
6.500000 23.500000 3.983000
7.500000 23.500000 4.262000
8.500000 23.500000 4.110000
9.500000 23.500000 4.125000
10.500000 23.500000 4.114000
11.500000 23.500000 4.026000
12.500000 23.500000 4.172000
13.500000 23.500000 4.166000
14.500000 23.500000 4.076000
15.500000 23.500000 4.085000
16.500000 23.500000 4.063000
17.500000 23.500000 4.121000
18.500000 23.500000 4.065000
19.500000 23.500000 4.022000
20.500000 23.500000 4.105000
21.500000 23.500000 3.976000
22.500000 23.500000 4.175000
23.500000 23.500000 4.115000
24.500000 23.500000 4.084000
25.500000 23.500000 4.050000
26.500000 23.500000 4.013000
27.500000 23.500000 4.024000
28.500000 23.500000 3.995000
29.500000 23.500000 3.953000
30.500000 23.500000 4.064000
31.500000 23.500000 3.801000
32.500000 23.500000 3.869000
33.500000 23.500000 4.017000
34.500000 23.500000 3.959000
35.500000 23.500000 3.962000
36.500000 23.500000 3.891000
37.500000 23.500000 4.127000
38.500000 23.500000 4.097000
39.500000 23.500000 4.004000
40.500000 23.500000 3.957000
41.500000 23.500000 3.925000
42.500000 23.500000 3.763000
43.500000 23.500000 3.961000
44.500000 23.500000 3.955000
45.500000 23.500000 4.088000
46.500000 23.500000 4.076000
47.500000 23.500000 4.090000
48.500000 23.500000 4.014000
49.500000 23.500000 3.832000
50.500000 23.500000 4.001000
51.500000 23.500000 4.081000

0.500000 24.500000 3.872000
1.500000 24.500000 4.022000
2.500000 24.500000 3.943000
3.500000 24.500000 4.020000
4.500000 24.500000 4.075000
5.500000 24.500000 4.079000
6.500000 24.500000 4.039000
7.500000 24.500000 4.216000
8.500000 24.500000 4.161000
9.500000 24.500000 4.204000
10.500000 24.500000 4.110000
11.500000 24.500000 4.042000
12.500000 24.500000 3.970000
13.500000 24.500000 3.975000
14.500000 24.500000 4.002000
15.500000 24.500000 4.040000
16.500000 24.500000 4.025000
17.500000 24.500000 4.043000
18.500000 24.500000 4.180000
19.500000 24.500000 4.003000
20.500000 24.500000 4.193000
21.500000 24.500000 4.125000
22.500000 24.500000 4.071000
23.500000 24.500000 4.017000
24.500000 24.500000 3.972000
25.500000 24.500000 3.932000
26.500000 24.500000 4.020000
27.500000 24.500000 3.961000
28.500000 24.500000 4.035000
29.500000 24.500000 3.875000
30.500000 24.500000 3.933000
31.500000 24.500000 3.982000
32.500000 24.500000 3.839000
33.500000 24.500000 3.869000
34.500000 24.500000 3.783000
35.500000 24.500000 3.981000
36.500000 24.500000 3.919000
37.500000 24.500000 3.821000
38.500000 24.500000 4.038000
39.500000 24.500000 4.022000
40.500000 24.500000 3.992000
41.500000 24.500000 4.060000
42.500000 24.500000 3.799000
43.500000 24.500000 3.869000
44.500000 24.500000 4.087000
45.500000 24.500000 3.949000
46.500000 24.500000 3.984000
47.500000 24.500000 3.944000
48.500000 24.500000 3.889000
49.500000 24.500000 3.844000
50.500000 24.500000 3.877000
51.500000 24.500000 4.066000

0.500000 25.500000 3.936000
1.500000 25.500000 3.939000
2.500000 25.500000 3.978000
3.500000 25.500000 3.976000
4.500000 25.500000 3.934000
5.500000 25.500000 4.006000
6.500000 25.500000 3.837000
7.500000 25.500000 3.940000
8.500000 25.500000 4.093000
9.500000 25.500000 4.111000
10.500000 25.500000 4.073000
11.500000 25.500000 4.104000
12.500000 25.500000 4.135000
13.500000 25.500000 4.011000
14.500000 25.500000 4.067000
15.500000 25.500000 4.055000
16.500000 25.500000 4.130000
17.500000 25.500000 4.016000
18.500000 25.500000 4.028000
19.500000 25.500000 4.060000
20.500000 25.500000 4.073000
21.500000 25.500000 4.021000
22.500000 25.500000 3.950000
23.500000 25.500000 4.080000
24.500000 25.500000 3.757000
25.500000 25.500000 3.803000
26.500000 25.500000 3.912000
27.500000 25.500000 4.051000
28.500000 25.500000 3.998000
29.500000 25.500000 3.930000
30.500000 25.500000 3.916000
31.500000 25.500000 3.873000
32.500000 25.500000 3.838000
33.500000 25.500000 3.858000
34.500000 25.500000 3.983000
35.500000 25.500000 3.912000
36.500000 25.500000 4.101000
37.500000 25.500000 3.868000
38.500000 25.500000 3.895000
39.500000 25.500000 4.186000
40.500000 25.500000 3.957000
41.500000 25.500000 3.982000
42.500000 25.500000 3.842000
43.500000 25.500000 4.050000
44.500000 25.500000 3.966000
45.500000 25.500000 4.125000
46.500000 25.500000 3.760000
47.500000 25.500000 3.993000
48.500000 25.500000 3.804000
49.500000 25.500000 3.840000
50.500000 25.500000 3.830000
51.500000 25.500000 3.895000

0.500000 26.500000 3.963000
1.500000 26.500000 3.883000
2.500000 26.500000 4.083000
3.500000 26.500000 3.952000
4.500000 26.500000 3.875000
5.500000 26.500000 3.847000
6.500000 26.500000 3.968000
7.500000 26.500000 3.917000
8.500000 26.500000 4.127000
9.500000 26.500000 4.140000
10.500000 26.500000 4.089000
11.500000 26.500000 3.967000
12.500000 26.500000 4.115000
13.500000 26.500000 4.109000
14.500000 26.500000 3.996000
15.500000 26.500000 4.051000
16.500000 26.500000 4.080000
17.500000 26.500000 3.937000
18.500000 26.500000 3.964000
19.500000 26.500000 4.042000
20.500000 26.500000 3.885000
21.500000 26.500000 3.940000
22.500000 26.500000 3.847000
23.500000 26.500000 3.785000
24.500000 26.500000 3.889000
25.500000 26.500000 3.865000
26.500000 26.500000 4.113000
27.500000 26.500000 3.995000
28.500000 26.500000 3.978000
29.500000 26.500000 3.972000
30.500000 26.500000 4.043000
31.500000 26.500000 3.913000
32.500000 26.500000 3.978000
33.500000 26.500000 3.968000
34.500000 26.500000 4.094000
35.500000 26.500000 3.965000
36.500000 26.500000 3.842000
37.500000 26.500000 4.039000
38.500000 26.500000 3.931000
39.500000 26.500000 3.938000
40.500000 26.500000 3.856000
41.500000 26.500000 3.935000
42.500000 26.500000 3.951000
43.500000 26.500000 3.846000
44.500000 26.500000 4.133000
45.500000 26.500000 4.067000
46.500000 26.500000 3.951000
47.500000 26.500000 3.730000
48.500000 26.500000 3.794000
49.500000 26.500000 3.797000
50.500000 26.500000 3.718000
51.500000 26.500000 3.786000

0.500000 27.500000 3.944000
1.500000 27.500000 3.975000
2.500000 27.500000 3.852000
3.500000 27.500000 3.839000
4.500000 27.500000 3.993000
5.500000 27.500000 3.972000
6.500000 27.500000 3.862000
7.500000 27.500000 4.060000
8.500000 27.500000 4.127000
9.500000 27.500000 3.993000
10.500000 27.500000 4.056000
11.500000 27.500000 3.928000
12.500000 27.500000 3.999000
13.500000 27.500000 4.057000
14.500000 27.500000 4.119000
15.500000 27.500000 4.076000
16.500000 27.500000 3.965000
17.500000 27.500000 4.129000
18.500000 27.500000 4.088000
19.500000 27.500000 3.996000
20.500000 27.500000 4.099000
21.500000 27.500000 3.928000
22.500000 27.500000 3.967000
23.500000 27.500000 3.868000
24.500000 27.500000 3.943000
25.500000 27.500000 3.842000
26.500000 27.500000 3.940000
27.500000 27.500000 4.045000
28.500000 27.500000 4.034000
29.500000 27.500000 4.064000
30.500000 27.500000 3.867000
31.500000 27.500000 4.042000
32.500000 27.500000 4.017000
33.500000 27.500000 3.822000
34.500000 27.500000 3.910000
35.500000 27.500000 4.083000
36.500000 27.500000 3.870000
37.500000 27.500000 3.808000
38.500000 27.500000 3.871000
39.500000 27.500000 3.876000
40.500000 27.500000 3.896000
41.500000 27.500000 3.833000
42.500000 27.500000 3.899000
43.500000 27.500000 3.885000
44.500000 27.500000 3.894000
45.500000 27.500000 4.025000
46.500000 27.500000 3.916000
47.500000 27.500000 3.876000
48.500000 27.500000 4.007000
49.500000 27.500000 3.899000
50.500000 27.500000 3.863000
51.500000 27.500000 3.868000

0.500000 28.500000 3.952000
1.500000 28.500000 3.946000
2.500000 28.500000 3.888000
3.500000 28.500000 3.838000
4.500000 28.500000 3.943000
5.500000 28.500000 3.973000
6.500000 28.500000 3.961000
7.500000 28.500000 3.824000
8.500000 28.500000 3.979000
9.500000 28.500000 4.035000
10.500000 28.500000 3.893000
11.500000 28.500000 4.031000
12.500000 28.500000 4.125000
13.500000 28.500000 4.092000
14.500000 28.500000 3.940000
15.500000 28.500000 3.941000
16.500000 28.500000 3.995000
17.500000 28.500000 3.994000
18.500000 28.500000 3.993000
19.500000 28.500000 3.856000
20.500000 28.500000 4.012000
21.500000 28.500000 4.123000
22.500000 28.500000 3.907000
23.500000 28.500000 3.978000
24.500000 28.500000 3.790000
25.500000 28.500000 3.917000
26.500000 28.500000 3.959000
27.500000 28.500000 4.154000
28.500000 28.500000 3.962000
29.500000 28.500000 3.921000
30.500000 28.500000 3.827000
31.500000 28.500000 3.837000
32.500000 28.500000 3.946000
33.500000 28.500000 4.026000
34.500000 28.500000 4.084000
35.500000 28.500000 4.133000
36.500000 28.500000 4.139000
37.500000 28.500000 4.175000
38.500000 28.500000 3.967000
39.500000 28.500000 4.037000
40.500000 28.500000 3.996000
41.500000 28.500000 3.889000
42.500000 28.500000 3.938000
43.500000 28.500000 4.044000
44.500000 28.500000 4.041000
45.500000 28.500000 3.946000
46.500000 28.500000 3.933000
47.500000 28.500000 3.898000
48.500000 28.500000 4.004000
49.500000 28.500000 3.989000
50.500000 28.500000 3.942000
51.500000 28.500000 4.023000

0.500000 29.500000 4.027000
1.500000 29.500000 4.003000
2.500000 29.500000 4.127000
3.500000 29.500000 4.029000
4.500000 29.500000 3.926000
5.500000 29.500000 3.952000
6.500000 29.500000 4.036000
7.500000 29.500000 4.034000
8.500000 29.500000 4.038000
9.500000 29.500000 3.985000
10.500000 29.500000 4.094000
11.500000 29.500000 3.977000
12.500000 29.500000 3.929000
13.500000 29.500000 4.183000
14.500000 29.500000 3.991000
15.500000 29.500000 4.028000
16.500000 29.500000 4.010000
17.500000 29.500000 4.002000
18.500000 29.500000 3.966000
19.500000 29.500000 3.877000
20.500000 29.500000 3.975000
21.500000 29.500000 3.928000
22.500000 29.500000 3.783000
23.500000 29.500000 3.880000
24.500000 29.500000 3.873000
25.500000 29.500000 4.098000
26.500000 29.500000 3.927000
27.500000 29.500000 4.202000
28.500000 29.500000 3.995000
29.500000 29.500000 3.912000
30.500000 29.500000 3.923000
31.500000 29.500000 3.909000
32.500000 29.500000 3.739000
33.500000 29.500000 3.901000
34.500000 29.500000 3.861000
35.500000 29.500000 4.055000
36.500000 29.500000 4.130000
37.500000 29.500000 4.183000
38.500000 29.500000 3.939000
39.500000 29.500000 3.950000
40.500000 29.500000 3.959000
41.500000 29.500000 3.866000
42.500000 29.500000 3.837000
43.500000 29.500000 3.939000
44.500000 29.500000 3.860000
45.500000 29.500000 3.935000
46.500000 29.500000 4.021000
47.500000 29.500000 4.066000
48.500000 29.500000 4.126000
49.500000 29.500000 4.119000
50.500000 29.500000 4.057000
51.500000 29.500000 4.162000

0.500000 30.500000 4.006000
1.500000 30.500000 3.983000
2.500000 30.500000 4.130000
3.500000 30.500000 4.083000
4.500000 30.500000 4.044000
5.500000 30.500000 4.018000
6.500000 30.500000 3.929000
7.500000 30.500000 3.908000
8.500000 30.500000 3.932000
9.500000 30.500000 3.823000
10.500000 30.500000 3.929000
11.500000 30.500000 4.094000
12.500000 30.500000 4.088000
13.500000 30.500000 4.074000
14.500000 30.500000 3.943000
15.500000 30.500000 4.008000
16.500000 30.500000 4.102000
17.500000 30.500000 3.872000
18.500000 30.500000 3.904000
19.500000 30.500000 4.079000
20.500000 30.500000 3.985000
21.500000 30.500000 3.935000
22.500000 30.500000 3.886000
23.500000 30.500000 3.884000
24.500000 30.500000 4.037000
25.500000 30.500000 3.957000
26.500000 30.500000 3.916000
27.500000 30.500000 3.945000
28.500000 30.500000 3.956000
29.500000 30.500000 4.093000
30.500000 30.500000 4.000000
31.500000 30.500000 3.815000
32.500000 30.500000 3.919000
33.500000 30.500000 3.920000
34.500000 30.500000 4.073000
35.500000 30.500000 4.136000
36.500000 30.500000 4.170000
37.500000 30.500000 4.283000
38.500000 30.500000 4.153000
39.500000 30.500000 3.994000
40.500000 30.500000 3.893000
41.500000 30.500000 3.893000
42.500000 30.500000 3.955000
43.500000 30.500000 4.043000
44.500000 30.500000 4.098000
45.500000 30.500000 4.007000
46.500000 30.500000 4.151000
47.500000 30.500000 4.090000
48.500000 30.500000 4.004000
49.500000 30.500000 4.193000
50.500000 30.500000 4.073000
51.500000 30.500000 4.031000

0.500000 31.500000 3.973000
1.500000 31.500000 4.181000
2.500000 31.500000 4.139000
3.500000 31.500000 4.010000
4.500000 31.500000 4.094000
5.500000 31.500000 3.984000
6.500000 31.500000 4.018000
7.500000 31.500000 4.038000
8.500000 31.500000 4.042000
9.500000 31.500000 4.120000
10.500000 31.500000 4.032000
11.500000 31.500000 4.172000
12.500000 31.500000 4.108000
13.500000 31.500000 4.040000
14.500000 31.500000 4.081000
15.500000 31.500000 4.004000
16.500000 31.500000 4.066000
17.500000 31.500000 3.963000
18.500000 31.500000 3.955000
19.500000 31.500000 4.093000
20.500000 31.500000 3.997000
21.500000 31.500000 3.942000
22.500000 31.500000 3.975000
23.500000 31.500000 4.018000
24.500000 31.500000 3.930000
25.500000 31.500000 3.892000
26.500000 31.500000 4.105000
27.500000 31.500000 3.954000
28.500000 31.500000 3.976000
29.500000 31.500000 3.926000
30.500000 31.500000 3.967000
31.500000 31.500000 3.976000
32.500000 31.500000 3.966000
33.500000 31.500000 4.004000
34.500000 31.500000 3.889000
35.500000 31.500000 3.979000
36.500000 31.500000 4.190000
37.500000 31.500000 4.193000
38.500000 31.500000 4.162000
39.500000 31.500000 4.048000
40.500000 31.500000 3.980000
41.500000 31.500000 4.069000
42.500000 31.500000 4.040000
43.500000 31.500000 3.979000
44.500000 31.500000 4.064000
45.500000 31.500000 4.167000
46.500000 31.500000 4.037000
47.500000 31.500000 4.370000
48.500000 31.500000 4.253000
49.500000 31.500000 4.187000
50.500000 31.500000 4.144000
51.500000 31.500000 4.129000

0.500000 32.500000 4.179000
1.500000 32.500000 4.199000
2.500000 32.500000 4.148000
3.500000 32.500000 4.162000
4.500000 32.500000 4.155000
5.500000 32.500000 4.093000
6.500000 32.500000 3.899000
7.500000 32.500000 4.074000
8.500000 32.500000 3.996000
9.500000 32.500000 4.081000
10.500000 32.500000 3.965000
11.500000 32.500000 4.117000
12.500000 32.500000 4.030000
13.500000 32.500000 4.001000
14.500000 32.500000 4.013000
15.500000 32.500000 4.098000
16.500000 32.500000 4.070000
17.500000 32.500000 4.073000
18.500000 32.500000 4.033000
19.500000 32.500000 4.107000
20.500000 32.500000 4.043000
21.500000 32.500000 3.982000
22.500000 32.500000 4.073000
23.500000 32.500000 3.978000
24.500000 32.500000 3.958000
25.500000 32.500000 3.957000
26.500000 32.500000 3.951000
27.500000 32.500000 4.060000
28.500000 32.500000 4.132000
29.500000 32.500000 3.915000
30.500000 32.500000 4.037000
31.500000 32.500000 4.099000
32.500000 32.500000 4.056000
33.500000 32.500000 3.999000
34.500000 32.500000 4.186000
35.500000 32.500000 4.077000
36.500000 32.500000 4.104000
37.500000 32.500000 4.174000
38.500000 32.500000 4.071000
39.500000 32.500000 4.205000
40.500000 32.500000 4.087000
41.500000 32.500000 4.107000
42.500000 32.500000 4.035000
43.500000 32.500000 3.909000
44.500000 32.500000 4.108000
45.500000 32.500000 4.194000
46.500000 32.500000 4.106000
47.500000 32.500000 4.199000
48.500000 32.500000 4.226000
49.500000 32.500000 4.396000
50.500000 32.500000 4.315000
51.500000 32.500000 4.062000

0.500000 33.500000 4.088000
1.500000 33.500000 4.045000
2.500000 33.500000 4.121000
3.500000 33.500000 4.191000
4.500000 33.500000 4.224000
5.500000 33.500000 4.273000
6.500000 33.500000 4.178000
7.500000 33.500000 4.110000
8.500000 33.500000 4.198000
9.500000 33.500000 4.154000
10.500000 33.500000 4.093000
11.500000 33.500000 3.842000
12.500000 33.500000 4.204000
13.500000 33.500000 4.016000
14.500000 33.500000 4.113000
15.500000 33.500000 4.024000
16.500000 33.500000 4.195000
17.500000 33.500000 4.116000
18.500000 33.500000 4.333000
19.500000 33.500000 4.186000
20.500000 33.500000 4.296000
21.500000 33.500000 4.061000
22.500000 33.500000 4.041000
23.500000 33.500000 4.086000
24.500000 33.500000 4.095000
25.500000 33.500000 4.125000
26.500000 33.500000 4.130000
27.500000 33.500000 4.079000
28.500000 33.500000 4.099000
29.500000 33.500000 3.974000
30.500000 33.500000 3.976000
31.500000 33.500000 4.065000
32.500000 33.500000 4.210000
33.500000 33.500000 4.130000
34.500000 33.500000 4.064000
35.500000 33.500000 4.006000
36.500000 33.500000 4.140000
37.500000 33.500000 4.170000
38.500000 33.500000 4.235000
39.500000 33.500000 4.044000
40.500000 33.500000 4.097000
41.500000 33.500000 4.147000
42.500000 33.500000 4.029000
43.500000 33.500000 4.008000
44.500000 33.500000 4.004000
45.500000 33.500000 4.241000
46.500000 33.500000 4.305000
47.500000 33.500000 4.307000
48.500000 33.500000 4.274000
49.500000 33.500000 4.351000
50.500000 33.500000 4.173000
51.500000 33.500000 4.204000

0.500000 34.500000 4.168000
1.500000 34.500000 4.106000
2.500000 34.500000 4.232000
3.500000 34.500000 4.410000
4.500000 34.500000 4.292000
5.500000 34.500000 4.303000
6.500000 34.500000 3.963000
7.500000 34.500000 4.190000
8.500000 34.500000 4.318000
9.500000 34.500000 4.251000
10.500000 34.500000 4.051000
11.500000 34.500000 4.168000
12.500000 34.500000 4.242000
13.500000 34.500000 3.994000
14.500000 34.500000 4.145000
15.500000 34.500000 4.289000
16.500000 34.500000 4.362000
17.500000 34.500000 4.192000
18.500000 34.500000 4.267000
19.500000 34.500000 4.193000
20.500000 34.500000 4.172000
21.500000 34.500000 4.116000
22.500000 34.500000 3.964000
23.500000 34.500000 3.991000
24.500000 34.500000 4.126000
25.500000 34.500000 4.181000
26.500000 34.500000 4.193000
27.500000 34.500000 4.112000
28.500000 34.500000 4.066000
29.500000 34.500000 3.995000
30.500000 34.500000 4.154000
31.500000 34.500000 4.094000
32.500000 34.500000 4.153000
33.500000 34.500000 3.917000
34.500000 34.500000 4.000000
35.500000 34.500000 4.138000
36.500000 34.500000 4.182000
37.500000 34.500000 4.140000
38.500000 34.500000 4.106000
39.500000 34.500000 4.148000
40.500000 34.500000 4.132000
41.500000 34.500000 4.241000
42.500000 34.500000 4.166000
43.500000 34.500000 4.193000
44.500000 34.500000 4.275000
45.500000 34.500000 4.357000
46.500000 34.500000 4.258000
47.500000 34.500000 4.333000
48.500000 34.500000 4.618000
49.500000 34.500000 4.428000
50.500000 34.500000 4.277000
51.500000 34.500000 4.134000

0.500000 35.500000 4.396000
1.500000 35.500000 4.234000
2.500000 35.500000 4.365000
3.500000 35.500000 4.312000
4.500000 35.500000 4.354000
5.500000 35.500000 4.312000
6.500000 35.500000 4.229000
7.500000 35.500000 4.162000
8.500000 35.500000 4.268000
9.500000 35.500000 4.163000
10.500000 35.500000 4.355000
11.500000 35.500000 4.345000
12.500000 35.500000 4.132000
13.500000 35.500000 4.169000
14.500000 35.500000 4.111000
15.500000 35.500000 4.358000
16.500000 35.500000 4.297000
17.500000 35.500000 4.144000
18.500000 35.500000 4.331000
19.500000 35.500000 4.419000
20.500000 35.500000 4.095000
21.500000 35.500000 4.226000
22.500000 35.500000 4.127000
23.500000 35.500000 4.174000
24.500000 35.500000 4.283000
25.500000 35.500000 4.162000
26.500000 35.500000 4.055000
27.500000 35.500000 4.151000
28.500000 35.500000 4.139000
29.500000 35.500000 4.135000
30.500000 35.500000 4.135000
31.500000 35.500000 4.179000
32.500000 35.500000 4.308000
33.500000 35.500000 4.323000
34.500000 35.500000 4.320000
35.500000 35.500000 4.285000
36.500000 35.500000 4.309000
37.500000 35.500000 4.117000
38.500000 35.500000 4.213000
39.500000 35.500000 4.203000
40.500000 35.500000 4.284000
41.500000 35.500000 4.171000
42.500000 35.500000 4.174000
43.500000 35.500000 4.244000
44.500000 35.500000 4.339000
45.500000 35.500000 4.421000
46.500000 35.500000 4.406000
47.500000 35.500000 4.410000
48.500000 35.500000 4.283000
49.500000 35.500000 4.413000
50.500000 35.500000 4.219000
51.500000 35.500000 4.267000

0.500000 36.500000 4.430000
1.500000 36.500000 4.366000
2.500000 36.500000 4.333000
3.500000 36.500000 4.472000
4.500000 36.500000 4.385000
5.500000 36.500000 4.339000
6.500000 36.500000 4.229000
7.500000 36.500000 4.375000
8.500000 36.500000 4.399000
9.500000 36.500000 4.350000
10.500000 36.500000 4.603000
11.500000 36.500000 4.258000
12.500000 36.500000 4.208000
13.500000 36.500000 4.238000
14.500000 36.500000 4.393000
15.500000 36.500000 4.262000
16.500000 36.500000 4.321000
17.500000 36.500000 4.293000
18.500000 36.500000 4.283000
19.500000 36.500000 4.276000
20.500000 36.500000 4.159000
21.500000 36.500000 4.198000
22.500000 36.500000 4.287000
23.500000 36.500000 4.253000
24.500000 36.500000 4.108000
25.500000 36.500000 4.044000
26.500000 36.500000 4.158000
27.500000 36.500000 4.195000
28.500000 36.500000 4.042000
29.500000 36.500000 4.225000
30.500000 36.500000 4.319000
31.500000 36.500000 4.181000
32.500000 36.500000 4.259000
33.500000 36.500000 4.246000
34.500000 36.500000 4.314000
35.500000 36.500000 4.214000
36.500000 36.500000 4.192000
37.500000 36.500000 4.294000
38.500000 36.500000 4.284000
39.500000 36.500000 4.304000
40.500000 36.500000 4.301000
41.500000 36.500000 4.239000
42.500000 36.500000 4.139000
43.500000 36.500000 4.314000
44.500000 36.500000 4.417000
45.500000 36.500000 4.433000
46.500000 36.500000 4.491000
47.500000 36.500000 4.440000
48.500000 36.500000 4.402000
49.500000 36.500000 4.365000
50.500000 36.500000 4.371000
51.500000 36.500000 4.458000

0.500000 37.500000 4.617000
1.500000 37.500000 4.432000
2.500000 37.500000 4.522000
3.500000 37.500000 4.573000
4.500000 37.500000 4.640000
5.500000 37.500000 4.507000
6.500000 37.500000 4.422000
7.500000 37.500000 4.385000
8.500000 37.500000 4.659000
9.500000 37.500000 4.493000
10.500000 37.500000 4.517000
11.500000 37.500000 4.461000
12.500000 37.500000 4.398000
13.500000 37.500000 4.420000
14.500000 37.500000 4.363000
15.500000 37.500000 4.440000
16.500000 37.500000 4.439000
17.500000 37.500000 4.342000
18.500000 37.500000 4.256000
19.500000 37.500000 4.273000
20.500000 37.500000 4.345000
21.500000 37.500000 4.400000
22.500000 37.500000 4.432000
23.500000 37.500000 4.268000
24.500000 37.500000 4.197000
25.500000 37.500000 4.332000
26.500000 37.500000 4.392000
27.500000 37.500000 4.304000
28.500000 37.500000 4.275000
29.500000 37.500000 4.142000
30.500000 37.500000 4.323000
31.500000 37.500000 4.311000
32.500000 37.500000 4.278000
33.500000 37.500000 4.309000
34.500000 37.500000 4.379000
35.500000 37.500000 4.443000
36.500000 37.500000 4.223000
37.500000 37.500000 4.211000
38.500000 37.500000 4.190000
39.500000 37.500000 4.383000
40.500000 37.500000 4.462000
41.500000 37.500000 4.184000
42.500000 37.500000 4.372000
43.500000 37.500000 4.404000
44.500000 37.500000 4.509000
45.500000 37.500000 4.397000
46.500000 37.500000 4.624000
47.500000 37.500000 4.659000
48.500000 37.500000 4.672000
49.500000 37.500000 4.735000
50.500000 37.500000 4.732000
51.500000 37.500000 4.536000

0.500000 38.500000 4.732000
1.500000 38.500000 4.753000
2.500000 38.500000 4.493000
3.500000 38.500000 4.506000
4.500000 38.500000 4.678000
5.500000 38.500000 4.721000
6.500000 38.500000 4.570000
7.500000 38.500000 4.583000
8.500000 38.500000 4.581000
9.500000 38.500000 4.564000
10.500000 38.500000 4.597000
11.500000 38.500000 4.653000
12.500000 38.500000 4.706000
13.500000 38.500000 4.495000
14.500000 38.500000 4.308000
15.500000 38.500000 4.394000
16.500000 38.500000 4.586000
17.500000 38.500000 4.359000
18.500000 38.500000 4.428000
19.500000 38.500000 4.497000
20.500000 38.500000 4.463000
21.500000 38.500000 4.380000
22.500000 38.500000 4.548000
23.500000 38.500000 4.374000
24.500000 38.500000 4.388000
25.500000 38.500000 4.494000
26.500000 38.500000 4.289000
27.500000 38.500000 4.371000
28.500000 38.500000 4.480000
29.500000 38.500000 4.387000
30.500000 38.500000 4.221000
31.500000 38.500000 4.398000
32.500000 38.500000 4.441000
33.500000 38.500000 4.454000
34.500000 38.500000 4.407000
35.500000 38.500000 4.423000
36.500000 38.500000 4.199000
37.500000 38.500000 4.289000
38.500000 38.500000 4.372000
39.500000 38.500000 4.476000
40.500000 38.500000 4.566000
41.500000 38.500000 4.710000
42.500000 38.500000 4.543000
43.500000 38.500000 4.544000
44.500000 38.500000 4.634000
45.500000 38.500000 4.584000
46.500000 38.500000 4.614000
47.500000 38.500000 4.805000
48.500000 38.500000 5.090000
49.500000 38.500000 4.857000
50.500000 38.500000 4.793000
51.500000 38.500000 4.797000

0.500000 39.500000 4.946000
1.500000 39.500000 4.866000
2.500000 39.500000 4.729000
3.500000 39.500000 4.629000
4.500000 39.500000 4.696000
5.500000 39.500000 4.607000
6.500000 39.500000 4.639000
7.500000 39.500000 4.868000
8.500000 39.500000 4.699000
9.500000 39.500000 4.620000
10.500000 39.500000 4.763000
11.500000 39.500000 4.625000
12.500000 39.500000 4.687000
13.500000 39.500000 4.642000
14.500000 39.500000 4.686000
15.500000 39.500000 4.548000
16.500000 39.500000 4.603000
17.500000 39.500000 4.526000
18.500000 39.500000 4.498000
19.500000 39.500000 4.418000
20.500000 39.500000 4.462000
21.500000 39.500000 4.468000
22.500000 39.500000 4.504000
23.500000 39.500000 4.550000
24.500000 39.500000 4.411000
25.500000 39.500000 4.510000
26.500000 39.500000 4.473000
27.500000 39.500000 4.592000
28.500000 39.500000 4.554000
29.500000 39.500000 4.411000
30.500000 39.500000 4.520000
31.500000 39.500000 4.689000
32.500000 39.500000 4.469000
33.500000 39.500000 4.561000
34.500000 39.500000 4.452000
35.500000 39.500000 4.386000
36.500000 39.500000 4.346000
37.500000 39.500000 4.489000
38.500000 39.500000 4.471000
39.500000 39.500000 4.440000
40.500000 39.500000 4.678000
41.500000 39.500000 4.742000
42.500000 39.500000 4.699000
43.500000 39.500000 4.818000
44.500000 39.500000 4.618000
45.500000 39.500000 4.830000
46.500000 39.500000 4.959000
47.500000 39.500000 5.059000
48.500000 39.500000 5.036000
49.500000 39.500000 4.927000
50.500000 39.500000 4.953000
51.500000 39.500000 4.934000

0.500000 40.500000 4.996000
1.500000 40.500000 4.818000
2.500000 40.500000 4.818000
3.500000 40.500000 4.881000
4.500000 40.500000 4.657000
5.500000 40.500000 4.793000
6.500000 40.500000 4.805000
7.500000 40.500000 4.926000
8.500000 40.500000 4.789000
9.500000 40.500000 4.631000
10.500000 40.500000 4.637000
11.500000 40.500000 4.768000
12.500000 40.500000 4.773000
13.500000 40.500000 4.761000
14.500000 40.500000 4.633000
15.500000 40.500000 4.658000
16.500000 40.500000 4.672000
17.500000 40.500000 4.696000
18.500000 40.500000 4.782000
19.500000 40.500000 4.511000
20.500000 40.500000 4.629000
21.500000 40.500000 4.676000
22.500000 40.500000 4.514000
23.500000 40.500000 4.654000
24.500000 40.500000 4.519000
25.500000 40.500000 4.606000
26.500000 40.500000 4.573000
27.500000 40.500000 4.754000
28.500000 40.500000 4.731000
29.500000 40.500000 4.622000
30.500000 40.500000 4.634000
31.500000 40.500000 4.459000
32.500000 40.500000 4.494000
33.500000 40.500000 4.520000
34.500000 40.500000 4.557000
35.500000 40.500000 4.538000
36.500000 40.500000 4.584000
37.500000 40.500000 4.483000
38.500000 40.500000 4.557000
39.500000 40.500000 4.579000
40.500000 40.500000 4.841000
41.500000 40.500000 4.827000
42.500000 40.500000 4.772000
43.500000 40.500000 4.746000
44.500000 40.500000 4.824000
45.500000 40.500000 4.867000
46.500000 40.500000 4.999000
47.500000 40.500000 4.979000
48.500000 40.500000 4.985000
49.500000 40.500000 5.088000
50.500000 40.500000 4.918000
51.500000 40.500000 4.914000

0.500000 41.500000 5.017000
1.500000 41.500000 4.834000
2.500000 41.500000 4.936000
3.500000 41.500000 4.774000
4.500000 41.500000 4.823000
5.500000 41.500000 4.935000
6.500000 41.500000 4.934000
7.500000 41.500000 4.740000
8.500000 41.500000 4.916000
9.500000 41.500000 5.001000
10.500000 41.500000 4.823000
11.500000 41.500000 4.886000
12.500000 41.500000 4.710000
13.500000 41.500000 4.719000
14.500000 41.500000 4.599000
15.500000 41.500000 4.668000
16.500000 41.500000 4.616000
17.500000 41.500000 4.856000
18.500000 41.500000 4.715000
19.500000 41.500000 4.673000
20.500000 41.500000 4.705000
21.500000 41.500000 4.641000
22.500000 41.500000 4.843000
23.500000 41.500000 4.649000
24.500000 41.500000 4.564000
25.500000 41.500000 4.518000
26.500000 41.500000 4.723000
27.500000 41.500000 4.707000
28.500000 41.500000 4.528000
29.500000 41.500000 4.909000
30.500000 41.500000 4.657000
31.500000 41.500000 4.690000
32.500000 41.500000 4.549000
33.500000 41.500000 4.730000
34.500000 41.500000 4.675000
35.500000 41.500000 4.579000
36.500000 41.500000 4.828000
37.500000 41.500000 5.055000
38.500000 41.500000 4.705000
39.500000 41.500000 4.687000
40.500000 41.500000 4.824000
41.500000 41.500000 5.025000
42.500000 41.500000 4.965000
43.500000 41.500000 5.025000
44.500000 41.500000 5.167000
45.500000 41.500000 5.134000
46.500000 41.500000 4.895000
47.500000 41.500000 5.205000
48.500000 41.500000 5.149000
49.500000 41.500000 5.174000
50.500000 41.500000 4.968000
51.500000 41.500000 5.100000

0.500000 42.500000 5.071000
1.500000 42.500000 4.803000
2.500000 42.500000 5.195000
3.500000 42.500000 5.188000
4.500000 42.500000 5.019000
5.500000 42.500000 5.132000
6.500000 42.500000 4.948000
7.500000 42.500000 5.078000
8.500000 42.500000 5.016000
9.500000 42.500000 4.843000
10.500000 42.500000 5.062000
11.500000 42.500000 4.962000
12.500000 42.500000 4.924000
13.500000 42.500000 4.755000
14.500000 42.500000 4.926000
15.500000 42.500000 4.687000
16.500000 42.500000 4.906000
17.500000 42.500000 4.828000
18.500000 42.500000 4.865000
19.500000 42.500000 4.919000
20.500000 42.500000 4.883000
21.500000 42.500000 4.955000
22.500000 42.500000 5.031000
23.500000 42.500000 4.838000
24.500000 42.500000 4.783000
25.500000 42.500000 4.811000
26.500000 42.500000 4.764000
27.500000 42.500000 4.665000
28.500000 42.500000 4.803000
29.500000 42.500000 4.701000
30.500000 42.500000 5.054000
31.500000 42.500000 4.866000
32.500000 42.500000 4.811000
33.500000 42.500000 4.769000
34.500000 42.500000 4.909000
35.500000 42.500000 4.805000
36.500000 42.500000 5.032000
37.500000 42.500000 4.969000
38.500000 42.500000 4.992000
39.500000 42.500000 4.971000
40.500000 42.500000 5.169000
41.500000 42.500000 5.321000
42.500000 42.500000 5.172000
43.500000 42.500000 5.073000
44.500000 42.500000 4.965000
45.500000 42.500000 5.100000
46.500000 42.500000 5.349000
47.500000 42.500000 5.147000
48.500000 42.500000 5.185000
49.500000 42.500000 5.193000
50.500000 42.500000 5.114000
51.500000 42.500000 5.316000

0.500000 43.500000 5.274000
1.500000 43.500000 5.204000
2.500000 43.500000 5.127000
3.500000 43.500000 5.149000
4.500000 43.500000 5.192000
5.500000 43.500000 5.122000
6.500000 43.500000 5.000000
7.500000 43.500000 5.209000
8.500000 43.500000 5.273000
9.500000 43.500000 5.134000
10.500000 43.500000 5.039000
11.500000 43.500000 5.247000
12.500000 43.500000 4.989000
13.500000 43.500000 5.070000
14.500000 43.500000 5.116000
15.500000 43.500000 5.226000
16.500000 43.500000 5.064000
17.500000 43.500000 5.182000
18.500000 43.500000 5.211000
19.500000 43.500000 5.118000
20.500000 43.500000 5.211000
21.500000 43.500000 5.153000
22.500000 43.500000 4.979000
23.500000 43.500000 4.910000
24.500000 43.500000 5.041000
25.500000 43.500000 5.018000
26.500000 43.500000 5.073000
27.500000 43.500000 5.003000
28.500000 43.500000 4.987000
29.500000 43.500000 4.934000
30.500000 43.500000 5.235000
31.500000 43.500000 5.013000
32.500000 43.500000 5.102000
33.500000 43.500000 4.774000
34.500000 43.500000 5.082000
35.500000 43.500000 5.143000
36.500000 43.500000 4.984000
37.500000 43.500000 4.931000
38.500000 43.500000 5.115000
39.500000 43.500000 5.189000
40.500000 43.500000 5.224000
41.500000 43.500000 5.478000
42.500000 43.500000 5.600000
43.500000 43.500000 5.331000
44.500000 43.500000 5.086000
45.500000 43.500000 5.231000
46.500000 43.500000 5.244000
47.500000 43.500000 5.468000
48.500000 43.500000 5.305000
49.500000 43.500000 5.442000
50.500000 43.500000 5.594000
51.500000 43.500000 5.351000

0.500000 44.500000 5.490000
1.500000 44.500000 5.378000
2.500000 44.500000 5.275000
3.500000 44.500000 5.278000
4.500000 44.500000 5.134000
5.500000 44.500000 5.246000
6.500000 44.500000 5.303000
7.500000 44.500000 5.374000
8.500000 44.500000 5.251000
9.500000 44.500000 5.208000
10.500000 44.500000 5.276000
11.500000 44.500000 5.309000
12.500000 44.500000 5.120000
13.500000 44.500000 5.299000
14.500000 44.500000 5.429000
15.500000 44.500000 5.227000
16.500000 44.500000 5.252000
17.500000 44.500000 5.434000
18.500000 44.500000 5.297000
19.500000 44.500000 5.289000
20.500000 44.500000 5.125000
21.500000 44.500000 5.321000
22.500000 44.500000 5.263000
23.500000 44.500000 5.161000
24.500000 44.500000 5.189000
25.500000 44.500000 5.284000
26.500000 44.500000 5.307000
27.500000 44.500000 5.153000
28.500000 44.500000 5.209000
29.500000 44.500000 5.102000
30.500000 44.500000 5.342000
31.500000 44.500000 5.320000
32.500000 44.500000 5.258000
33.500000 44.500000 5.147000
34.500000 44.500000 5.254000
35.500000 44.500000 5.406000
36.500000 44.500000 5.196000
37.500000 44.500000 5.097000
38.500000 44.500000 5.202000
39.500000 44.500000 5.376000
40.500000 44.500000 5.405000
41.500000 44.500000 5.632000
42.500000 44.500000 5.408000
43.500000 44.500000 5.419000
44.500000 44.500000 5.352000
45.500000 44.500000 5.434000
46.500000 44.500000 5.701000
47.500000 44.500000 5.615000
48.500000 44.500000 5.679000
49.500000 44.500000 5.517000
50.500000 44.500000 5.850000
51.500000 44.500000 5.940000

0.500000 45.500000 5.763000
1.500000 45.500000 5.597000
2.500000 45.500000 5.856000
3.500000 45.500000 5.541000
4.500000 45.500000 5.544000
5.500000 45.500000 5.543000
6.500000 45.500000 5.732000
7.500000 45.500000 5.410000
8.500000 45.500000 5.353000
9.500000 45.500000 5.457000
10.500000 45.500000 5.534000
11.500000 45.500000 5.354000
12.500000 45.500000 5.452000
13.500000 45.500000 5.406000
14.500000 45.500000 5.405000
15.500000 45.500000 5.426000
16.500000 45.500000 5.552000
17.500000 45.500000 5.338000
18.500000 45.500000 5.457000
19.500000 45.500000 5.425000
20.500000 45.500000 5.434000
21.500000 45.500000 5.402000
22.500000 45.500000 5.451000
23.500000 45.500000 5.466000
24.500000 45.500000 5.355000
25.500000 45.500000 5.442000
26.500000 45.500000 5.394000
27.500000 45.500000 5.485000
28.500000 45.500000 5.494000
29.500000 45.500000 5.464000
30.500000 45.500000 5.439000
31.500000 45.500000 5.455000
32.500000 45.500000 5.338000
33.500000 45.500000 5.259000
34.500000 45.500000 5.391000
35.500000 45.500000 5.470000
36.500000 45.500000 5.378000
37.500000 45.500000 5.334000
38.500000 45.500000 5.550000
39.500000 45.500000 5.559000
40.500000 45.500000 5.725000
41.500000 45.500000 5.537000
42.500000 45.500000 5.799000
43.500000 45.500000 5.689000
44.500000 45.500000 5.777000
45.500000 45.500000 5.544000
46.500000 45.500000 5.928000
47.500000 45.500000 5.792000
48.500000 45.500000 5.782000
49.500000 45.500000 5.882000
50.500000 45.500000 6.042000
51.500000 45.500000 5.911000

0.500000 46.500000 5.968000
1.500000 46.500000 6.064000
2.500000 46.500000 5.904000
3.500000 46.500000 5.966000
4.500000 46.500000 5.808000
5.500000 46.500000 5.689000
6.500000 46.500000 5.842000
7.500000 46.500000 5.643000
8.500000 46.500000 5.724000
9.500000 46.500000 5.994000
10.500000 46.500000 5.851000
11.500000 46.500000 5.806000
12.500000 46.500000 5.698000
13.500000 46.500000 5.796000
14.500000 46.500000 5.651000
15.500000 46.500000 5.623000
16.500000 46.500000 5.740000
17.500000 46.500000 5.424000
18.500000 46.500000 5.449000
19.500000 46.500000 5.649000
20.500000 46.500000 5.729000
21.500000 46.500000 5.982000
22.500000 46.500000 5.906000
23.500000 46.500000 5.873000
24.500000 46.500000 5.458000
25.500000 46.500000 5.684000
26.500000 46.500000 5.768000
27.500000 46.500000 5.562000
28.500000 46.500000 5.591000
29.500000 46.500000 5.512000
30.500000 46.500000 5.547000
31.500000 46.500000 5.617000
32.500000 46.500000 5.669000
33.500000 46.500000 5.673000
34.500000 46.500000 5.695000
35.500000 46.500000 5.557000
36.500000 46.500000 5.785000
37.500000 46.500000 5.321000
38.500000 46.500000 5.372000
39.500000 46.500000 5.722000
40.500000 46.500000 5.736000
41.500000 46.500000 5.855000
42.500000 46.500000 5.856000
43.500000 46.500000 5.994000
44.500000 46.500000 6.211000
45.500000 46.500000 5.900000
46.500000 46.500000 6.082000
47.500000 46.500000 6.089000
48.500000 46.500000 6.149000
49.500000 46.500000 6.138000
50.500000 46.500000 6.179000
51.500000 46.500000 6.233000

0.500000 47.500000 5.969000
1.500000 47.500000 6.337000
2.500000 47.500000 6.140000
3.500000 47.500000 5.991000
4.500000 47.500000 6.120000
5.500000 47.500000 6.132000
6.500000 47.500000 6.152000
7.500000 47.500000 5.968000
8.500000 47.500000 5.962000
9.500000 47.500000 6.104000
10.500000 47.500000 6.163000
11.500000 47.500000 6.143000
12.500000 47.500000 5.971000
13.500000 47.500000 5.980000
14.500000 47.500000 5.779000
15.500000 47.500000 5.854000
16.500000 47.500000 5.899000
17.500000 47.500000 5.869000
18.500000 47.500000 6.055000
19.500000 47.500000 6.052000
20.500000 47.500000 6.334000
21.500000 47.500000 5.952000
22.500000 47.500000 6.124000
23.500000 47.500000 5.928000
24.500000 47.500000 5.968000
25.500000 47.500000 5.992000
26.500000 47.500000 5.943000
27.500000 47.500000 5.970000
28.500000 47.500000 5.792000
29.500000 47.500000 5.738000
30.500000 47.500000 5.703000
31.500000 47.500000 5.980000
32.500000 47.500000 5.835000
33.500000 47.500000 5.948000
34.500000 47.500000 5.948000
35.500000 47.500000 6.003000
36.500000 47.500000 6.037000
37.500000 47.500000 5.886000
38.500000 47.500000 6.107000
39.500000 47.500000 5.952000
40.500000 47.500000 6.124000
41.500000 47.500000 6.217000
42.500000 47.500000 6.153000
43.500000 47.500000 6.331000
44.500000 47.500000 6.411000
45.500000 47.500000 6.524000
46.500000 47.500000 6.204000
47.500000 47.500000 6.423000
48.500000 47.500000 6.224000
49.500000 47.500000 6.162000
50.500000 47.500000 6.378000
51.500000 47.500000 6.075000

0.500000 48.500000 6.317000
1.500000 48.500000 6.408000
2.500000 48.500000 6.172000
3.500000 48.500000 6.349000
4.500000 48.500000 6.470000
5.500000 48.500000 6.551000
6.500000 48.500000 6.485000
7.500000 48.500000 6.431000
8.500000 48.500000 6.469000
9.500000 48.500000 6.490000
10.500000 48.500000 6.778000
11.500000 48.500000 6.468000
12.500000 48.500000 6.475000
13.500000 48.500000 6.380000
14.500000 48.500000 6.588000
15.500000 48.500000 6.101000
16.500000 48.500000 6.384000
17.500000 48.500000 6.245000
18.500000 48.500000 6.450000
19.500000 48.500000 6.530000
20.500000 48.500000 6.481000
21.500000 48.500000 6.458000
22.500000 48.500000 6.434000
23.500000 48.500000 6.306000
24.500000 48.500000 6.311000
25.500000 48.500000 6.531000
26.500000 48.500000 6.635000
27.500000 48.500000 6.273000
28.500000 48.500000 6.266000
29.500000 48.500000 6.407000
30.500000 48.500000 6.461000
31.500000 48.500000 6.545000
32.500000 48.500000 6.244000
33.500000 48.500000 6.202000
34.500000 48.500000 6.295000
35.500000 48.500000 6.376000
36.500000 48.500000 6.254000
37.500000 48.500000 6.330000
38.500000 48.500000 6.501000
39.500000 48.500000 6.287000
40.500000 48.500000 6.520000
41.500000 48.500000 6.683000
42.500000 48.500000 6.673000
43.500000 48.500000 6.746000
44.500000 48.500000 6.612000
45.500000 48.500000 6.559000
46.500000 48.500000 6.445000
47.500000 48.500000 6.860000
48.500000 48.500000 7.021000
49.500000 48.500000 6.852000
50.500000 48.500000 6.661000
51.500000 48.500000 6.471000

0.500000 49.500000 6.975000
1.500000 49.500000 7.161000
2.500000 49.500000 6.862000
3.500000 49.500000 6.891000
4.500000 49.500000 6.892000
5.500000 49.500000 6.942000
6.500000 49.500000 7.219000
7.500000 49.500000 7.114000
8.500000 49.500000 6.942000
9.500000 49.500000 6.675000
10.500000 49.500000 6.822000
11.500000 49.500000 6.747000
12.500000 49.500000 6.925000
13.500000 49.500000 6.617000
14.500000 49.500000 6.923000
15.500000 49.500000 6.838000
16.500000 49.500000 6.859000
17.500000 49.500000 6.694000
18.500000 49.500000 6.937000
19.500000 49.500000 6.974000
20.500000 49.500000 6.796000
21.500000 49.500000 6.697000
22.500000 49.500000 6.937000
23.500000 49.500000 7.007000
24.500000 49.500000 6.770000
25.500000 49.500000 6.852000
26.500000 49.500000 6.995000
27.500000 49.500000 6.879000
28.500000 49.500000 7.133000
29.500000 49.500000 6.622000
30.500000 49.500000 6.685000
31.500000 49.500000 6.706000
32.500000 49.500000 6.816000
33.500000 49.500000 7.007000
34.500000 49.500000 6.707000
35.500000 49.500000 6.727000
36.500000 49.500000 6.414000
37.500000 49.500000 6.614000
38.500000 49.500000 6.749000
39.500000 49.500000 6.703000
40.500000 49.500000 6.894000
41.500000 49.500000 6.898000
42.500000 49.500000 6.902000
43.500000 49.500000 7.098000
44.500000 49.500000 7.012000
45.500000 49.500000 6.945000
46.500000 49.500000 7.154000
47.500000 49.500000 7.251000
48.500000 49.500000 7.443000
49.500000 49.500000 7.144000
50.500000 49.500000 6.921000
51.500000 49.500000 6.961000

0.500000 50.500000 7.328000
1.500000 50.500000 7.236000
2.500000 50.500000 7.503000
3.500000 50.500000 7.453000
4.500000 50.500000 7.377000
5.500000 50.500000 7.495000
6.500000 50.500000 7.633000
7.500000 50.500000 7.345000
8.500000 50.500000 7.366000
9.500000 50.500000 7.330000
10.500000 50.500000 7.173000
11.500000 50.500000 7.398000
12.500000 50.500000 7.361000
13.500000 50.500000 7.609000
14.500000 50.500000 7.444000
15.500000 50.500000 7.473000
16.500000 50.500000 7.381000
17.500000 50.500000 7.459000
18.500000 50.500000 7.632000
19.500000 50.500000 7.377000
20.500000 50.500000 7.127000
21.500000 50.500000 7.294000
22.500000 50.500000 7.454000
23.500000 50.500000 7.391000
24.500000 50.500000 7.352000
25.500000 50.500000 7.343000
26.500000 50.500000 7.482000
27.500000 50.500000 7.312000
28.500000 50.500000 7.299000
29.500000 50.500000 7.387000
30.500000 50.500000 7.410000
31.500000 50.500000 7.394000
32.500000 50.500000 7.563000
33.500000 50.500000 7.387000
34.500000 50.500000 7.300000
35.500000 50.500000 7.067000
36.500000 50.500000 7.067000
37.500000 50.500000 7.156000
38.500000 50.500000 7.250000
39.500000 50.500000 7.616000
40.500000 50.500000 7.151000
41.500000 50.500000 7.641000
42.500000 50.500000 7.481000
43.500000 50.500000 7.399000
44.500000 50.500000 7.390000
45.500000 50.500000 7.251000
46.500000 50.500000 7.681000
47.500000 50.500000 8.001000
48.500000 50.500000 7.657000
49.500000 50.500000 7.942000
50.500000 50.500000 7.561000
51.500000 50.500000 7.337000

0.500000 51.500000 7.950000
1.500000 51.500000 7.858000
2.500000 51.500000 8.267000
3.500000 51.500000 8.446000
4.500000 51.500000 8.334000
5.500000 51.500000 8.501000
6.500000 51.500000 8.389000
7.500000 51.500000 8.317000
8.500000 51.500000 8.337000
9.500000 51.500000 8.298000
10.500000 51.500000 8.204000
11.500000 51.500000 8.244000
12.500000 51.500000 8.091000
13.500000 51.500000 8.408000
14.500000 51.500000 7.923000
15.500000 51.500000 8.134000
16.500000 51.500000 7.913000
17.500000 51.500000 7.926000
18.500000 51.500000 8.659000
19.500000 51.500000 8.077000
20.500000 51.500000 8.123000
21.500000 51.500000 8.403000
22.500000 51.500000 8.157000
23.500000 51.500000 8.239000
24.500000 51.500000 7.863000
25.500000 51.500000 8.024000
26.500000 51.500000 7.969000
27.500000 51.500000 8.103000
28.500000 51.500000 8.208000
29.500000 51.500000 8.282000
30.500000 51.500000 8.226000
31.500000 51.500000 8.081000
32.500000 51.500000 8.151000
33.500000 51.500000 8.363000
34.500000 51.500000 7.851000
35.500000 51.500000 7.896000
36.500000 51.500000 8.003000
37.500000 51.500000 8.017000
38.500000 51.500000 8.150000
39.500000 51.500000 8.227000
40.500000 51.500000 8.360000
41.500000 51.500000 8.117000
42.500000 51.500000 8.341000
43.500000 51.500000 8.173000
44.500000 51.500000 8.152000
45.500000 51.500000 8.122000
46.500000 51.500000 8.434000
47.500000 51.500000 8.442000
48.500000 51.500000 8.218000
49.500000 51.500000 8.193000
50.500000 51.500000 8.147000
51.500000 51.500000 8.312000

